  0	  1
  1	  0
  2	  2
  3	  0
  4	  5
  5	  2
  6	  6
  7	  0
  8	  4
  9	  2
 10	  6
 11	  4
 12	  1
 13	  4
 14	  6
 15	  5
 16	  6
 17	  5
 18	  2
 19	  5
 20	  1
 21	  3
 22	  2
 23	  2
 24	  2
 25	  4
 26	  3
 27	  5
 28	  1
 29	  4
 30	  6
 31	  6
 32	  3
 33	  5
 34	  0
 35	  6
 36	  6
 37	  5
 38	  0
 39	  0
 40	  1
 41	  3
 42	  5
 43	  4
 44	  1
 45	  4
 46	  4
 47	  4
 48	  0
 49	  2
 50	  3
 51	  5
 52	  4
 53	  2
 54	  4
 55	  6
 56	  3
 57	  5
 58	  2
 59	  3
 60	  4
 61	  0
 62	  0
 63	  1
 64	  2
 65	  2
 66	  4
 67	  3
 68	  2
 69	  1
 70	  2
 71	  2
 72	  0
 73	  6
 74	  3
 75	  4
 76	  6
 77	  3
 78	  6
 79	  5
 80	  4
 81	  6
 82	  3
 83	  4
 84	  0
 85	  2
 86	  4
 87	  6
 88	  6
 89	  5
 90	  5
 91	  4
 92	  3
 93	  4
 94	  1
 95	  0
 96	  5
 97	  4
 98	  6
 99	  0
100	  1
101	  6
102	  2
103	  3
104	  4
105	  1
106	  1
107	  4
108	  2
109	  0
110	  2
111	  4
112	  3
113	  4
114	  4
115	  6
116	  0
117	  2
118	  4
119	  6
120	  5
121	  0
122	  2
123	  6
124	  1
125	  2
126	  5
127	  4
128	  6
129	  4
130	  0
131	  4
132	  0
133	  4
134	  4
135	  2
136	  4
137	  2
138	  4
139	  6
140	  3
141	  4
142	  6
143	  4
144	  2
145	  1
146	  0
147	  5
148	  2
149	  6
150	  6
151	  0
152	  5
153	  0
154	  6
155	  4
156	  2
157	  0
158	  3
159	  2
160	  2
161	  6
162	  0
163	  5
164	  1
165	  0
166	  0
167	  4
168	  2
169	  0
170	  3
171	  4
172	  0
173	  1
174	  6
175	  5
176	  0
177	  6
178	  5
179	  1
180	  5
181	  6
182	  4
183	  4
184	  0
185	  4
186	  0
187	  3
188	  3
189	  2
190	  2
191	  2
192	  0
193	  5
194	  5
195	  1
196	  5
197	  4
198	  1
199	  5
200	  6
201	  5
202	  6
203	  0
204	  2
205	  0
206	  3
207	  2
208	  6
209	  6
210	  6
211	  4
212	  3
213	  4
214	  5
215	  4
216	  6
217	  5
218	  2
219	  4
220	  4
221	  2
222	  6
223	  4
224	  4
225	  6
226	  3
227	  2
228	  1
229	  5
230	  4
231	  3
232	  1
233	  2
234	  4
235	  0
236	  4
237	  3
238	  4
239	  0
240	  1
241	  2
242	  0
243	  5
244	  1
245	  3
246	  0
247	  3
248	  6
249	  6
250	  2
251	  5
252	  2
253	  4
254	  3
255	  2
256	  6
257	  5
258	  4
259	  6
260	  3
261	  0
262	  1
263	  5
264	  2
265	  0
266	  6
267	  2
268	  3
269	  6
270	  3
271	  4
272	  0
273	  5
274	  1
275	  6
276	  5
277	  5
278	  5
279	  1
280	  4
281	  3
282	  4
283	  0
284	  2
285	  2
286	  5
287	  6
288	  5
289	  2
290	  2
291	  2
292	  0
293	  6
294	  3
295	  3
296	  1
297	  2
298	  5
299	  4
300	  6
301	  0
302	  0
303	  6
304	  6
305	  0
306	  6
307	  2
308	  2
309	  5
310	  4
311	  0
312	  5
313	  0
314	  0
315	  2
316	  5
317	  4
318	  2
319	  3
320	  5
321	  2
322	  0
323	  1
324	  4
325	  4
326	  0
327	  4
328	  3
329	  2
330	  0
331	  0
332	  4
333	  4
334	  5
335	  5
336	  4
337	  4
338	  1
339	  1
340	  0
341	  4
342	  1
343	  2
344	  6
345	  0
346	  6
347	  5
348	  2
349	  6
350	  2
351	  5
352	  1
353	  2
354	  3
355	  2
356	  4
357	  6
358	  6
359	  3
360	  5
361	  4
362	  1
363	  1
364	  0
365	  2
366	  6
367	  3
368	  1
369	  2
370	  2
371	  4
372	  5
373	  0
374	  0
375	  0
376	  1
377	  0
378	  2
379	  3
380	  2
381	  6
382	  4
383	  2
384	  2
385	  5
386	  0
387	  5
388	  5
389	  4
390	  1
391	  0
392	  5
393	  4
394	  1
395	  4
396	  3
397	  0
398	  4
399	  6
400	  6
401	  3
402	  2
403	  3
404	  4
405	  4
406	  4
407	  4
408	  0
409	  6
410	  1
411	  6
412	  4
413	  6
414	  6
415	  6
416	  4
417	  5
418	  4
419	  0
420	  0
421	  2
422	  4
423	  2
424	  0
425	  0
426	  2
427	  4
428	  6
429	  5
430	  5
431	  6
432	  5
433	  4
434	  6
435	  1
436	  1
437	  3
438	  5
439	  4
440	  0
441	  4
442	  4
443	  2
444	  0
445	  4
446	  2
447	  2
448	  4
449	  2
450	  4
451	  3
452	  0
453	  3
454	  3
455	  0
456	  0
457	  1
458	  4
459	  0
460	  4
461	  1
462	  6
463	  6
464	  0
465	  4
466	  2
467	  4
468	  0
469	  0
470	  2
471	  1
472	  4
473	  5
474	  6
475	  6
476	  2
477	  2
478	  4
479	  4
480	  6
481	  4
482	  6
483	  5
484	  6
485	  5
486	  4
487	  0
488	  5
489	  6
490	  4
491	  5
492	  4
493	  2
494	  0
495	  2
496	  2
497	  3
498	  2
499	  0
500	  0
501	  5
502	  5
503	  1
504	  2
505	  3
506	  4
507	  1
508	  2
509	  0
510	  2
511	  4
512	  1
513	  5
514	  5
515	  1
516	  5
517	  1
518	  5
519	  1
520	  2
521	  6
522	  0
523	  3
524	  0
525	  6
526	  4
527	  4
528	  0
529	  5
530	  4
531	  2
532	  0
533	  2
534	  4
535	  1
536	  5
537	  6
538	  3
539	  0
540	  5
541	  0
542	  1
543	  6
544	  5
545	  6
546	  5
547	  0
548	  4
549	  2
550	  4
551	  4
552	  1
553	  3
554	  5
555	  2
556	  6
557	  0
558	  2
559	  3
560	  2
561	  3
562	  0
563	  0
564	  2
565	  0
566	  3
567	  5
568	  3
569	  4
570	  2
571	  6
572	  2
573	  6
574	  2
575	  4
576	  4
577	  1
578	  3
579	  2
580	  4
581	  0
582	  5
583	  0
584	  5
585	  4
586	  0
587	  4
588	  5
589	  3
590	  3
591	  2
592	  6
593	  0
594	  4
595	  4
596	  3
597	  6
598	  5
599	  0
600	  3
601	  3
602	  2
603	  2
604	  2
605	  2
606	  5
607	  6
608	  0
609	  1
610	  6
611	  4
612	  6
613	  4
614	  5
615	  0
616	  6
617	  6
618	  5
619	  0
620	  2
621	  1
622	  4
623	  6
624	  0
625	  5
626	  2
627	  6
628	  0
629	  3
630	  0
631	  6
632	  5
633	  6
634	  6
635	  5
636	  6
637	  6
638	  4
639	  6
640	  4
641	  0
642	  1
643	  3
644	  4
645	  4
646	  5
647	  1
648	  4
649	  1
650	  4
651	  5
652	  5
653	  2
654	  0
655	  3
656	  6
657	  0
658	  5
659	  5
660	  0
661	  4
662	  3
663	  4
664	  6
665	  4
666	  5
667	  0
668	  0
669	  5
670	  5
671	  3
672	  6
673	  5
674	  6
675	  4
676	  1
677	  1
678	  5
679	  4
680	  2
681	  4
682	  3
683	  6
684	  6
685	  5
686	  0
687	  4
688	  6
689	  4
690	  4
691	  4
692	  4
693	  6
694	  0
695	  1
696	  1
697	  4
698	  4
699	  4
700	  4
701	  3
702	  5
703	  0
704	  5
705	  6
706	  6
707	  0
708	  2
709	  0
710	  0
711	  6
712	  4
713	  4
714	  5
715	  5
716	  6
717	  1
718	  5
719	  6
720	  3
721	  3
722	  0
723	  4
724	  0
725	  5
726	  5
727	  4
728	  2
729	  4
730	  5
731	  4
732	  5
733	  6
734	  5
735	  3
736	  4
737	  2
738	  0
739	  5
740	  4
741	  4
742	  6
743	  3
744	  2
745	  4
746	  2
747	  5
748	  5
749	  4
750	  5
751	  5
752	  4
753	  4
754	  0
755	  0
756	  6
757	  0
758	  1
759	  1
760	  2
761	  0
762	  0
763	  1
764	  5
765	  6
766	  5
767	  0
768	  3
769	  0
770	  2
771	  0
772	  5
773	  6
774	  4
775	  3
776	  2
777	  0
778	  4
779	  0
780	  3
781	  3
782	  2
783	  2
784	  6
785	  3
786	  3
787	  5
788	  1
789	  2
790	  4
791	  4
792	  0
793	  6
794	  4
795	  4
796	  4
797	  0
798	  3
799	  6
800	  0
801	  4
802	  4
803	  4
804	  2
805	  1
806	  3
807	  1
808	  2
809	  6
810	  2
811	  2
812	  6
813	  0
814	  0
815	  5
816	  6
817	  1
818	  5
819	  4
820	  5
821	  1
822	  1
823	  4
824	  6
825	  2
826	  5
827	  1
828	  4
829	  4
830	  3
831	  3
832	  0
833	  0
834	  4
835	  3
836	  0
837	  0
838	  3
839	  4
840	  4
841	  5
842	  1
843	  2
844	  4
845	  2
846	  0
847	  1
848	  0
849	  5
850	  0
851	  3
852	  5
853	  6
854	  3
855	  0
856	  3
857	  4
858	  0
859	  0
860	  1
861	  3
862	  3
863	  4
864	  3
865	  6
866	  2
867	  6
868	  6
869	  4
870	  0
871	  3
872	  1
873	  0
874	  4
875	  2
876	  3
877	  4
878	  0
879	  3
880	  2
881	  2
882	  6
883	  4
884	  6
885	  5
886	  4
887	  3
888	  3
889	  3
890	  0
891	  2
892	  1
893	  5
894	  5
895	  3
896	  1
897	  1
898	  0
899	  1
900	  0
901	  3
902	  3
903	  0
904	  4
905	  3
906	  3
907	  2
908	  5
909	  6
910	  4
911	  4
912	  6
913	  5
914	  0
915	  1
916	  0
917	  2
918	  6
919	  4
920	  2
921	  3
922	  6
923	  3
924	  4
925	  0
926	  4
927	  4
928	  1
929	  0
930	  2
931	  5
932	  0
933	  0
934	  3
935	  6
936	  3
937	  2
938	  4
939	  4
940	  0
941	  5
942	  0
943	  0
944	  5
945	  2
946	  6
947	  5
948	  4
949	  0
950	  2
951	  3
952	  0
953	  3
954	  4
955	  2
956	  6
957	  5
958	  3
959	  4
960	  3
961	  0
962	  3
963	  2
964	  0
965	  2
966	  5
967	  1
968	  4
969	  4
970	  4
971	  0
972	  4
973	  2
974	  4
975	  4
976	  6
977	  0
978	  0
979	  5
980	  1
981	  1
982	  6
983	  6
984	  4
985	  0
986	  3
987	  5
988	  3
989	  2
990	  4
991	  5
992	  4
993	  2
994	  0
995	  2
996	  3
997	  4
998	  3
999	  1
1000	  6
1001	  0
1002	  2
1003	  4
1004	  2
1005	  5
1006	  4
1007	  2
1008	  3
1009	  0
1010	  4
1011	  2
1012	  0
1013	  2
1014	  4
1015	  4
1016	  6
1017	  3
1018	  4
1019	  0
1020	  2
1021	  4
1022	  4
1023	  1
1024	  2
1025	  5
1026	  4
1027	  3
1028	  5
1029	  6
1030	  2
1031	  4
1032	  2
1033	  5
1034	  2
1035	  0
1036	  3
1037	  0
1038	  5
1039	  1
1040	  4
1041	  0
1042	  5
1043	  4
1044	  1
1045	  6
1046	  2
1047	  4
1048	  3
1049	  2
1050	  6
1051	  6
1052	  5
1053	  1
1054	  5
1055	  4
1056	  2
1057	  5
1058	  4
1059	  0
1060	  2
1061	  6
1062	  3
1063	  2
1064	  4
1065	  3
1066	  6
1067	  5
1068	  0
1069	  5
1070	  5
1071	  3
1072	  1
1073	  3
1074	  6
1075	  2
1076	  0
1077	  6
1078	  3
1079	  5
1080	  1
1081	  0
1082	  6
1083	  1
1084	  0
1085	  6
1086	  0
1087	  4
1088	  0
1089	  2
1090	  1
1091	  3
1092	  4
1093	  0
1094	  3
1095	  2
1096	  3
1097	  0
1098	  3
1099	  6
1100	  4
1101	  5
1102	  4
1103	  0
1104	  6
1105	  6
1106	  4
1107	  2
1108	  4
1109	  0
1110	  4
1111	  4
1112	  3
1113	  1
1114	  2
1115	  4
1116	  1
1117	  0
1118	  2
1119	  2
1120	  4
1121	  1
1122	  2
1123	  4
1124	  4
1125	  1
1126	  3
1127	  1
1128	  4
1129	  4
1130	  4
1131	  4
1132	  3
1133	  4
1134	  4
1135	  6
1136	  0
1137	  2
1138	  4
1139	  0
1140	  4
1141	  5
1142	  2
1143	  0
1144	  4
1145	  0
1146	  0
1147	  2
1148	  3
1149	  4
1150	  4
1151	  5
1152	  4
1153	  3
1154	  0
1155	  4
1156	  4
1157	  4
1158	  5
1159	  1
1160	  2
1161	  3
1162	  0
1163	  3
1164	  0
1165	  1
1166	  1
1167	  5
1168	  6
1169	  0
1170	  4
1171	  3
1172	  2
1173	  4
1174	  2
1175	  4
1176	  4
1177	  6
1178	  6
1179	  5
1180	  3
1181	  1
1182	  0
1183	  2
1184	  4
1185	  0
1186	  5
1187	  0
1188	  5
1189	  6
1190	  0
1191	  5
1192	  4
1193	  0
1194	  5
1195	  3
1196	  3
1197	  1
1198	  1
1199	  5
1200	  3
1201	  5
1202	  4
1203	  2
1204	  4
1205	  1
1206	  0
1207	  6
1208	  2
1209	  1
1210	  2
1211	  2
1212	  3
1213	  0
1214	  2
1215	  4
1216	  4
1217	  4
1218	  4
1219	  3
1220	  1
1221	  0
1222	  5
1223	  1
1224	  5
1225	  5
1226	  3
1227	  1
1228	  4
1229	  0
1230	  2
1231	  0
1232	  0
1233	  1
1234	  6
1235	  4
1236	  4
1237	  4
1238	  5
1239	  5
1240	  3
1241	  0
1242	  0
1243	  2
1244	  4
1245	  4
1246	  5
1247	  6
1248	  2
1249	  6
1250	  3
1251	  5
1252	  3
1253	  5
1254	  0
1255	  3
1256	  5
1257	  3
1258	  4
1259	  2
1260	  6
1261	  4
1262	  0
1263	  1
1264	  2
1265	  4
1266	  6
1267	  0
1268	  2
1269	  2
1270	  1
1271	  0
1272	  5
1273	  4
1274	  4
1275	  1
1276	  4
1277	  5
1278	  0
1279	  6
1280	  4
1281	  5
1282	  1
1283	  1
1284	  0
1285	  4
1286	  6
1287	  5
1288	  3
1289	  6
1290	  2
1291	  2
1292	  2
1293	  4
1294	  0
1295	  2
1296	  4
1297	  6
1298	  6
1299	  3
1300	  0
1301	  4
1302	  3
1303	  4
1304	  2
1305	  6
1306	  3
1307	  4
1308	  4
1309	  5
1310	  6
1311	  2
1312	  4
1313	  2
1314	  5
1315	  4
1316	  3
1317	  5
1318	  6
1319	  4
1320	  1
1321	  5
1322	  1
1323	  2
1324	  3
1325	  4
1326	  0
1327	  4
1328	  5
1329	  4
1330	  4
1331	  4
1332	  0
1333	  4
1334	  2
1335	  1
1336	  2
1337	  6
1338	  2
1339	  2
1340	  5
1341	  5
1342	  4
1343	  0
1344	  2
1345	  2
1346	  4
1347	  3
1348	  4
1349	  6
1350	  2
1351	  2
1352	  3
1353	  5
1354	  2
1355	  0
1356	  2
1357	  4
1358	  2
1359	  2
1360	  5
1361	  2
1362	  1
1363	  6
1364	  6
1365	  4
1366	  3
1367	  5
1368	  5
1369	  4
1370	  0
1371	  5
1372	  4
1373	  6
1374	  0
1375	  0
1376	  3
1377	  1
1378	  1
1379	  3
1380	  4
1381	  4
1382	  5
1383	  5
1384	  2
1385	  4
1386	  6
1387	  0
1388	  5
1389	  2
1390	  6
1391	  2
1392	  4
1393	  2
1394	  5
1395	  0
1396	  2
1397	  5
1398	  6
1399	  4
1400	  1
1401	  3
1402	  4
1403	  3
1404	  6
1405	  2
1406	  6
1407	  1
1408	  0
1409	  0
1410	  3
1411	  6
1412	  5
1413	  4
1414	  4
1415	  1
1416	  2
1417	  4
1418	  2
1419	  6
1420	  4
1421	  2
1422	  3
1423	  6
1424	  2
1425	  0
1426	  5
1427	  4
1428	  0
1429	  6
1430	  1
1431	  6
1432	  0
1433	  5
1434	  2
1435	  5
1436	  4
1437	  6
1438	  4
1439	  0
1440	  0
1441	  4
1442	  4
1443	  6
1444	  1
1445	  3
1446	  5
1447	  3
1448	  4
1449	  4
1450	  4
1451	  2
1452	  2
1453	  4
1454	  3
1455	  0
1456	  0
1457	  3
1458	  4
1459	  2
1460	  1
1461	  3
1462	  5
1463	  6
1464	  5
1465	  5
1466	  3
1467	  4
1468	  1
1469	  6
1470	  2
1471	  5
1472	  0
1473	  3
1474	  6
1475	  4
1476	  2
1477	  0
1478	  0
1479	  6
1480	  0
1481	  3
1482	  1
1483	  2
1484	  2
1485	  0
1486	  5
1487	  6
1488	  1
1489	  4
1490	  4
1491	  5
1492	  6
1493	  4
1494	  0
1495	  6
1496	  4
1497	  1
1498	  4
1499	  2
1500	  4
1501	  4
1502	  4
1503	  5
1504	  0
1505	  1
1506	  4
1507	  0
1508	  4
1509	  2
1510	  1
1511	  2
1512	  2
1513	  1
1514	  1
1515	  4
1516	  6
1517	  3
1518	  4
1519	  3
1520	  1
1521	  5
1522	  1
1523	  1
1524	  1
1525	  6
1526	  1
1527	  2
1528	  6
1529	  2
1530	  6
1531	  3
1532	  5
1533	  4
1534	  5
1535	  4
1536	  4
1537	  4
1538	  2
1539	  0
1540	  0
1541	  2
1542	  0
1543	  4
1544	  2
1545	  0
1546	  6
1547	  0
1548	  2
1549	  5
1550	  5
1551	  0
1552	  6
1553	  5
1554	  1
1555	  2
1556	  1
1557	  0
1558	  5
1559	  4
1560	  3
1561	  4
1562	  4
1563	  0
1564	  2
1565	  4
1566	  5
1567	  2
1568	  4
1569	  4
1570	  4
1571	  0
1572	  5
1573	  5
1574	  1
1575	  4
1576	  0
1577	  3
1578	  2
1579	  0
1580	  2
1581	  6
1582	  3
1583	  4
1584	  2
1585	  4
1586	  3
1587	  2
1588	  4
1589	  2
1590	  4
1591	  4
1592	  3
1593	  0
1594	  4
1595	  4
1596	  0
1597	  0
1598	  6
1599	  2
1600	  0
1601	  6
1602	  6
1603	  4
1604	  4
1605	  4
1606	  5
1607	  4
1608	  0
1609	  2
1610	  2
1611	  2
1612	  6
1613	  0
1614	  4
1615	  2
1616	  5
1617	  0
1618	  4
1619	  3
1620	  5
1621	  5
1622	  0
1623	  5
1624	  6
1625	  2
1626	  6
1627	  0
1628	  6
1629	  6
1630	  4
1631	  1
1632	  4
1633	  3
1634	  5
1635	  1
1636	  6
1637	  4
1638	  0
1639	  5
1640	  2
1641	  5
1642	  3
1643	  2
1644	  2
1645	  0
1646	  0
1647	  1
1648	  2
1649	  4
1650	  0
1651	  4
1652	  2
1653	  5
1654	  2
1655	  6
1656	  3
1657	  2
1658	  2
1659	  6
1660	  2
1661	  0
1662	  0
1663	  5
1664	  5
1665	  6
1666	  5
1667	  4
1668	  1
1669	  2
1670	  2
1671	  3
1672	  4
1673	  3
1674	  6
1675	  2
1676	  2
1677	  4
1678	  5
1679	  0
1680	  0
1681	  0
1682	  0
1683	  4
1684	  2
1685	  0
1686	  6
1687	  3
1688	  5
1689	  0
1690	  1
1691	  4
1692	  5
1693	  3
1694	  2
1695	  6
1696	  6
1697	  5
1698	  4
1699	  0
1700	  4
1701	  5
1702	  0
1703	  6
1704	  4
1705	  6
1706	  5
1707	  5
1708	  5
1709	  4
1710	  6
1711	  3
1712	  6
1713	  2
1714	  6
1715	  5
1716	  6
1717	  5
1718	  0
1719	  6
1720	  4
1721	  1
1722	  1
1723	  2
1724	  6
1725	  5
1726	  2
1727	  2
1728	  3
1729	  4
1730	  1
1731	  5
1732	  6
1733	  5
1734	  4
1735	  3
1736	  1
1737	  2
1738	  3
1739	  4
1740	  3
1741	  4
1742	  2
1743	  0
1744	  6
1745	  2
1746	  0
1747	  5
1748	  6
1749	  2
1750	  2
1751	  3
1752	  4
1753	  2
1754	  6
1755	  0
1756	  4
1757	  5
1758	  2
1759	  2
1760	  3
1761	  1
1762	  6
1763	  4
1764	  5
1765	  5
1766	  3
1767	  5
1768	  1
1769	  4
1770	  6
1771	  3
1772	  4
1773	  5
1774	  6
1775	  6
1776	  5
1777	  5
1778	  6
1779	  4
1780	  4
1781	  2
1782	  6
1783	  3
1784	  2
1785	  0
1786	  5
1787	  2
1788	  4
1789	  3
1790	  0
1791	  2
1792	  4
1793	  3
1794	  3
1795	  1
1796	  4
1797	  4
1798	  4
1799	  0
1800	  3
1801	  5
1802	  6
1803	  4
1804	  6
1805	  5
1806	  6
1807	  4
1808	  0
1809	  4
1810	  4
1811	  6
1812	  2
1813	  1
1814	  6
1815	  1
1816	  5
1817	  4
1818	  2
1819	  1
1820	  4
1821	  1
1822	  5
1823	  1
1824	  5
1825	  6
1826	  4
1827	  3
1828	  4
1829	  6
1830	  0
1831	  0
1832	  2
1833	  3
1834	  4
1835	  5
1836	  3
1837	  6
1838	  0
1839	  6
1840	  4
1841	  4
1842	  5
1843	  4
1844	  6
1845	  4
1846	  3
1847	  0
1848	  4
1849	  3
1850	  5
1851	  0
1852	  6
1853	  4
1854	  1
1855	  6
1856	  2
1857	  2
1858	  0
1859	  6
1860	  4
1861	  2
1862	  3
1863	  1
1864	  0
1865	  4
1866	  2
1867	  0
1868	  3
1869	  5
1870	  1
1871	  6
1872	  5
1873	  1
1874	  0
1875	  2
1876	  2
1877	  4
1878	  2
1879	  0
1880	  4
1881	  2
1882	  3
1883	  4
1884	  4
1885	  5
1886	  3
1887	  6
1888	  0
1889	  0
1890	  2
1891	  4
1892	  1
1893	  6
1894	  6
1895	  3
1896	  2
1897	  1
1898	  6
1899	  0
1900	  4
1901	  2
1902	  0
1903	  4
1904	  5
1905	  2
1906	  4
1907	  4
1908	  5
1909	  6
1910	  5
1911	  6
1912	  2
1913	  1
1914	  6
1915	  3
1916	  0
1917	  6
1918	  2
1919	  2
1920	  4
1921	  5
1922	  1
1923	  0
1924	  2
1925	  4
1926	  1
1927	  0
1928	  2
1929	  0
1930	  4
1931	  2
1932	  4
1933	  2
1934	  3
1935	  6
1936	  1
1937	  1
1938	  0
1939	  5
1940	  3
1941	  5
1942	  2
1943	  0
1944	  2
1945	  6
1946	  2
1947	  5
1948	  6
1949	  6
1950	  5
1951	  2
1952	  1
1953	  6
1954	  5
1955	  5
1956	  1
1957	  5
1958	  2
1959	  1
1960	  3
1961	  6
1962	  4
1963	  3
1964	  6
1965	  4
1966	  2
1967	  4
1968	  4
1969	  4
1970	  4
1971	  5
1972	  3
1973	  4
1974	  4
1975	  4
1976	  2
1977	  2
1978	  4
1979	  1
1980	  4
1981	  4
1982	  0
1983	  5
1984	  1
1985	  5
1986	  4
1987	  2
1988	  6
1989	  3
1990	  2
1991	  1
1992	  4
1993	  3
1994	  5
1995	  5
1996	  3
1997	  3
1998	  5
1999	  3
2000	  3
2001	  5
2002	  3
2003	  6
2004	  4
2005	  2
2006	  4
2007	  4
2008	  3
2009	  5
2010	  2
2011	  6
2012	  6
2013	  5
2014	  0
2015	  2
2016	  4
2017	  5
2018	  0
2019	  0
2020	  4
2021	  0
2022	  5
2023	  4
2024	  2
2025	  2
2026	  0
2027	  2
2028	  1
2029	  3
2030	  6
2031	  5
2032	  3
2033	  2
2034	  2
2035	  0
2036	  1
2037	  6
2038	  0
2039	  0
2040	  6
2041	  4
2042	  4
2043	  0
2044	  5
2045	  4
2046	  4
2047	  6
2048	  0
2049	  4
2050	  4
2051	  3
2052	  1
2053	  0
2054	  4
2055	  6
2056	  0
2057	  3
2058	  4
2059	  0
2060	  0
2061	  5
2062	  0
2063	  5
2064	  1
2065	  6
2066	  0
2067	  2
2068	  4
2069	  3
2070	  1
2071	  4
2072	  2
2073	  0
2074	  2
2075	  3
2076	  5
2077	  2
2078	  5
2079	  2
2080	  2
2081	  3
2082	  4
2083	  2
2084	  6
2085	  4
2086	  2
2087	  5
2088	  4
2089	  4
2090	  5
2091	  2
2092	  2
2093	  0
2094	  6
2095	  3
2096	  4
2097	  1
2098	  3
2099	  2
2100	  6
2101	  6
2102	  6
2103	  3
2104	  1
2105	  2
2106	  0
2107	  6
2108	  6
2109	  4
2110	  0
2111	  2
2112	  5
2113	  5
2114	  1
2115	  0
2116	  0
2117	  4
2118	  1
2119	  4
2120	  3
2121	  4
2122	  2
2123	  6
2124	  4
2125	  5
2126	  0
2127	  5
2128	  6
2129	  1
2130	  4
2131	  5
2132	  4
2133	  4
2134	  6
2135	  2
2136	  2
2137	  6
2138	  2
2139	  4
2140	  6
2141	  3
2142	  2
2143	  1
2144	  4
2145	  1
2146	  5
2147	  0
2148	  2
2149	  3
2150	  5
2151	  4
2152	  6
2153	  3
2154	  0
2155	  3
2156	  6
2157	  4
2158	  3
2159	  0
2160	  4
2161	  5
2162	  6
2163	  0
2164	  6
2165	  0
2166	  2
2167	  2
2168	  6
2169	  5
2170	  3
2171	  6
2172	  6
2173	  3
2174	  1
2175	  2
2176	  5
2177	  0
2178	  2
2179	  5
2180	  0
2181	  0
2182	  2
2183	  6
2184	  4
2185	  4
2186	  4
2187	  4
2188	  2
2189	  2
2190	  1
2191	  5
2192	  4
2193	  2
2194	  1
2195	  2
2196	  6
2197	  4
2198	  0
2199	  1
2200	  4
2201	  5
2202	  2
2203	  1
2204	  2
2205	  5
2206	  1
2207	  6
2208	  6
2209	  0
2210	  6
2211	  4
2212	  2
2213	  0
2214	  3
2215	  4
2216	  0
2217	  6
2218	  0
2219	  0
2220	  5
2221	  2
2222	  4
2223	  1
2224	  2
2225	  2
2226	  3
2227	  2
2228	  0
2229	  3
2230	  4
2231	  0
2232	  5
2233	  0
2234	  2
2235	  0
2236	  0
2237	  2
2238	  2
2239	  6
2240	  4
2241	  1
2242	  5
2243	  0
2244	  4
2245	  6
2246	  1
2247	  3
2248	  0
2249	  4
2250	  0
2251	  1
2252	  3
2253	  0
2254	  0
2255	  1
2256	  4
2257	  2
2258	  5
2259	  6
2260	  4
2261	  4
2262	  0
2263	  6
2264	  3
2265	  6
2266	  3
2267	  4
2268	  6
2269	  4
2270	  2
2271	  5
2272	  5
2273	  5
2274	  4
2275	  0
2276	  4
2277	  0
2278	  0
2279	  0
2280	  4
2281	  4
2282	  6
2283	  4
2284	  2
2285	  6
2286	  2
2287	  5
2288	  0
2289	  6
2290	  4
2291	  5
2292	  6
2293	  5
2294	  1
2295	  6
2296	  4
2297	  4
2298	  1
2299	  6
2300	  4
2301	  0
2302	  2
2303	  4
2304	  2
2305	  6
2306	  3
2307	  4
2308	  6
2309	  1
2310	  1
2311	  1
2312	  5
2313	  4
2314	  2
2315	  6
2316	  6
2317	  0
2318	  1
2319	  2
2320	  2
2321	  4
2322	  4
2323	  6
2324	  4
2325	  4
2326	  1
2327	  5
2328	  1
2329	  6
2330	  2
2331	  1
2332	  2
2333	  5
2334	  6
2335	  5
2336	  4
2337	  6
2338	  1
2339	  4
2340	  2
2341	  5
2342	  4
2343	  5
2344	  4
2345	  6
2346	  2
2347	  2
2348	  4
2349	  4
2350	  4
2351	  1
2352	  4
2353	  4
2354	  2
2355	  4
2356	  5
2357	  2
2358	  0
2359	  0
2360	  5
2361	  0
2362	  3
2363	  3
2364	  2
2365	  1
2366	  0
2367	  1
2368	  0
2369	  3
2370	  1
2371	  2
2372	  1
2373	  5
2374	  4
2375	  0
2376	  0
2377	  5
2378	  2
2379	  4
2380	  0
2381	  1
2382	  4
2383	  0
2384	  5
2385	  2
2386	  1
2387	  0
2388	  4
2389	  2
2390	  5
2391	  0
2392	  2
2393	  4
2394	  5
2395	  5
2396	  1
2397	  4
2398	  1
2399	  2
2400	  3
2401	  3
2402	  5
2403	  6
2404	  6
2405	  2
2406	  1
2407	  5
2408	  2
2409	  6
2410	  4
2411	  3
2412	  1
2413	  0
2414	  3
2415	  2
2416	  4
2417	  0
2418	  6
2419	  1
2420	  0
2421	  0
2422	  2
2423	  2
2424	  4
2425	  3
2426	  6
2427	  4
2428	  0
2429	  0
2430	  2
2431	  4
2432	  6
2433	  4
2434	  5
2435	  5
2436	  4
2437	  4
2438	  0
2439	  1
2440	  4
2441	  3
2442	  3
2443	  1
2444	  5
2445	  1
2446	  5
2447	  5
2448	  5
2449	  2
2450	  4
2451	  4
2452	  6
2453	  6
2454	  0
2455	  2
2456	  2
2457	  1
2458	  4
2459	  1
2460	  0
2461	  5
2462	  3
2463	  6
2464	  1
2465	  2
2466	  2
2467	  5
2468	  5
2469	  6
2470	  3
2471	  5
2472	  0
2473	  2
2474	  0
2475	  4
2476	  3
2477	  3
2478	  4
2479	  3
2480	  1
2481	  2
2482	  1
2483	  4
2484	  6
2485	  4
2486	  4
2487	  4
2488	  2
2489	  0
2490	  2
2491	  0
2492	  4
2493	  6
2494	  6
2495	  4
2496	  6
2497	  1
2498	  6
2499	  1
2500	  3
2501	  2
2502	  0
2503	  2
2504	  4
2505	  4
2506	  4
2507	  5
2508	  5
2509	  4
2510	  1
2511	  0
2512	  5
2513	  4
2514	  6
2515	  4
2516	  0
2517	  6
2518	  5
2519	  5
2520	  2
2521	  0
2522	  4
2523	  5
2524	  2
2525	  3
2526	  0
2527	  0
2528	  4
2529	  0
2530	  0
2531	  0
2532	  6
2533	  6
2534	  6
2535	  5
2536	  2
2537	  4
2538	  4
2539	  3
2540	  0
2541	  1
2542	  2
2543	  2
2544	  6
2545	  5
2546	  6
2547	  0
2548	  5
2549	  3
2550	  5
2551	  3
2552	  4
2553	  6
2554	  5
2555	  1
2556	  0
2557	  6
2558	  5
2559	  6
2560	  3
2561	  6
2562	  4
2563	  0
2564	  4
2565	  5
2566	  5
2567	  3
2568	  2
2569	  2
2570	  5
2571	  2
2572	  4
2573	  4
2574	  2
2575	  5
2576	  4
2577	  2
2578	  3
2579	  6
2580	  0
2581	  4
2582	  4
2583	  6
2584	  2
2585	  1
2586	  6
2587	  4
2588	  1
2589	  4
2590	  6
2591	  6
2592	  0
2593	  6
2594	  4
2595	  5
2596	  5
2597	  3
2598	  6
2599	  0
2600	  5
2601	  0
2602	  5
2603	  3
2604	  3
2605	  1
2606	  3
2607	  4
2608	  5
2609	  0
2610	  3
2611	  0
2612	  2
2613	  2
2614	  4
2615	  0
2616	  0
2617	  0
2618	  0
2619	  1
2620	  6
2621	  3
2622	  5
2623	  6
2624	  4
2625	  2
2626	  0
2627	  0
2628	  0
2629	  6
2630	  4
2631	  5
2632	  5
2633	  3
2634	  5
2635	  1
2636	  0
2637	  4
2638	  4
2639	  6
2640	  4
2641	  4
2642	  6
2643	  5
2644	  6
2645	  5
2646	  2
2647	  2
2648	  1
2649	  0
2650	  1
2651	  2
2652	  4
2653	  0
2654	  2
2655	  3
2656	  1
2657	  2
2658	  3
2659	  3
2660	  2
2661	  4
2662	  2
2663	  1
2664	  0
2665	  0
2666	  3
2667	  3
2668	  0
2669	  5
2670	  3
2671	  2
2672	  4
2673	  2
2674	  3
2675	  4
2676	  2
2677	  6
2678	  6
2679	  6
2680	  4
2681	  1
2682	  5
2683	  2
2684	  2
2685	  6
2686	  4
2687	  4
2688	  6
2689	  2
2690	  2
2691	  4
2692	  3
2693	  4
2694	  3
2695	  0
2696	  0
2697	  0
2698	  5
2699	  6
2700	  4
2701	  6
2702	  6
2703	  5
2704	  5
2705	  1
2706	  1
2707	  0
2708	  5
2709	  5
2710	  6
2711	  5
2712	  3
2713	  2
2714	  6
2715	  6
2716	  5
2717	  5
2718	  5
2719	  5
2720	  5
2721	  3
2722	  2
2723	  2
2724	  3
2725	  5
2726	  4
2727	  5
2728	  5
2729	  4
2730	  4
2731	  5
2732	  5
2733	  2
2734	  5
2735	  0
2736	  2
2737	  0
2738	  2
2739	  2
2740	  6
2741	  0
2742	  4
2743	  0
2744	  2
2745	  3
2746	  6
2747	  4
2748	  2
2749	  1
2750	  2
2751	  4
2752	  4
2753	  0
2754	  2
2755	  2
2756	  0
2757	  4
2758	  0
2759	  0
2760	  6
2761	  4
2762	  5
2763	  1
2764	  3
2765	  4
2766	  1
2767	  0
2768	  3
2769	  6
2770	  6
2771	  0
2772	  2
2773	  5
2774	  3
2775	  5
2776	  6
2777	  4
2778	  5
2779	  3
2780	  6
2781	  2
2782	  4
2783	  3
2784	  0
2785	  1
2786	  6
2787	  6
2788	  0
2789	  6
2790	  4
2791	  4
2792	  2
2793	  2
2794	  5
2795	  3
2796	  0
2797	  4
2798	  0
2799	  2
2800	  2
2801	  0
2802	  6
2803	  4
2804	  4
2805	  0
2806	  6
2807	  4
2808	  6
2809	  5
2810	  4
2811	  5
2812	  2
2813	  3
2814	  2
2815	  2
2816	  5
2817	  1
2818	  2
2819	  6
2820	  1
2821	  4
2822	  2
2823	  0
2824	  0
2825	  4
2826	  1
2827	  3
2828	  3
2829	  3
2830	  3
2831	  3
2832	  5
2833	  3
2834	  0
2835	  5
2836	  1
2837	  2
2838	  6
2839	  4
2840	  2
2841	  2
2842	  2
2843	  2
2844	  6
2845	  1
2846	  0
2847	  1
2848	  1
2849	  3
2850	  0
2851	  0
2852	  6
2853	  3
2854	  2
2855	  2
2856	  5
2857	  3
2858	  4
2859	  4
2860	  4
2861	  5
2862	  4
2863	  2
2864	  0
2865	  3
2866	  3
2867	  0
2868	  6
2869	  4
2870	  4
2871	  4
2872	  4
2873	  4
2874	  4
2875	  0
2876	  2
2877	  4
2878	  4
2879	  5
2880	  2
2881	  6
2882	  2
2883	  4
2884	  5
2885	  6
2886	  5
2887	  4
2888	  0
2889	  3
2890	  4
2891	  0
2892	  4
2893	  4
2894	  4
2895	  2
2896	  6
2897	  6
2898	  2
2899	  2
2900	  5
2901	  4
2902	  5
2903	  5
2904	  4
2905	  4
2906	  0
2907	  0
2908	  0
2909	  0
2910	  5
2911	  6
2912	  1
2913	  2
2914	  2
2915	  6
2916	  4
2917	  3
2918	  5
2919	  4
2920	  5
2921	  4
2922	  2
2923	  4
2924	  5
2925	  0
2926	  0
2927	  1
2928	  0
2929	  5
2930	  4
2931	  2
2932	  0
2933	  1
2934	  3
2935	  3
2936	  4
2937	  4
2938	  4
2939	  5
2940	  2
2941	  3
2942	  5
2943	  1
2944	  2
2945	  3
2946	  6
2947	  6
2948	  2
2949	  4
2950	  6
2951	  0
2952	  6
2953	  4
2954	  6
2955	  2
2956	  4
2957	  6
2958	  2
2959	  4
2960	  5
2961	  0
2962	  5
2963	  4
2964	  5
2965	  2
2966	  3
2967	  0
2968	  4
2969	  0
2970	  0
2971	  4
2972	  4
2973	  4
2974	  4
2975	  4
2976	  6
2977	  0
2978	  2
2979	  4
2980	  4
2981	  0
2982	  0
2983	  4
2984	  0
2985	  2
2986	  4
2987	  4
2988	  4
2989	  4
2990	  1
2991	  6
2992	  6
2993	  0
2994	  6
2995	  5
2996	  4
2997	  6
2998	  2
2999	  1
3000	  0
3001	  4
3002	  6
3003	  5
3004	  2
3005	  6
3006	  4
3007	  0
3008	  5
3009	  4
3010	  3
3011	  4
3012	  3
3013	  0
3014	  4
3015	  6
3016	  3
3017	  6
3018	  6
3019	  4
3020	  4
3021	  6
3022	  2
3023	  2
3024	  2
3025	  4
3026	  2
3027	  0
3028	  5
3029	  6
3030	  1
3031	  0
3032	  1
3033	  5
3034	  6
3035	  1
3036	  4
3037	  1
3038	  0
3039	  4
3040	  4
3041	  6
3042	  4
3043	  0
3044	  6
3045	  4
3046	  3
3047	  4
3048	  3
3049	  4
3050	  4
3051	  5
3052	  4
3053	  0
3054	  5
3055	  6
3056	  0
3057	  6
3058	  4
3059	  6
3060	  3
3061	  2
3062	  3
3063	  1
3064	  4
3065	  0
3066	  5
3067	  3
3068	  4
3069	  3
3070	  2
3071	  3
3072	  3
3073	  6
3074	  5
3075	  0
3076	  4
3077	  0
3078	  2
3079	  3
3080	  1
3081	  2
3082	  4
3083	  5
3084	  2
3085	  1
3086	  0
3087	  4
3088	  5
3089	  4
3090	  5
3091	  4
3092	  6
3093	  4
3094	  0
3095	  3
3096	  4
3097	  6
3098	  1
3099	  4
3100	  6
3101	  4
3102	  6
3103	  6
3104	  0
3105	  0
3106	  0
3107	  3
3108	  0
3109	  2
3110	  3
3111	  6
3112	  6
3113	  6
3114	  1
3115	  0
3116	  6
3117	  0
3118	  4
3119	  6
3120	  4
3121	  1
3122	  4
3123	  5
3124	  1
3125	  3
3126	  4
3127	  3
3128	  6
3129	  0
3130	  6
3131	  6
3132	  4
3133	  4
3134	  0
3135	  0
3136	  4
3137	  6
3138	  4
3139	  2
3140	  6
3141	  0
3142	  0
3143	  1
3144	  3
3145	  3
3146	  6
3147	  2
3148	  1
3149	  1
3150	  1
3151	  6
3152	  2
3153	  0
3154	  0
3155	  6
3156	  5
3157	  5
3158	  1
3159	  4
3160	  5
3161	  6
3162	  5
3163	  2
3164	  3
3165	  6
3166	  1
3167	  0
3168	  4
3169	  5
3170	  4
3171	  5
3172	  2
3173	  5
3174	  5
3175	  4
3176	  0
3177	  2
3178	  2
3179	  4
3180	  0
3181	  4
3182	  0
3183	  4
3184	  1
3185	  0
3186	  2
3187	  4
3188	  2
3189	  4
3190	  1
3191	  5
3192	  6
3193	  6
3194	  4
3195	  6
3196	  0
3197	  0
3198	  1
3199	  1
3200	  4
3201	  4
3202	  4
3203	  5
3204	  4
3205	  2
3206	  6
3207	  6
3208	  1
3209	  4
3210	  2
3211	  4
3212	  4
3213	  2
3214	  4
3215	  5
3216	  1
3217	  4
3218	  5
3219	  1
3220	  2
3221	  5
3222	  5
3223	  0
3224	  4
3225	  1
3226	  6
3227	  5
3228	  5
3229	  2
3230	  1
3231	  2
3232	  1
3233	  1
3234	  4
3235	  4
3236	  6
3237	  4
3238	  3
3239	  1
3240	  3
3241	  5
3242	  0
3243	  5
3244	  4
3245	  6
3246	  2
3247	  2
3248	  6
3249	  5
3250	  6
3251	  6
3252	  3
3253	  5
3254	  2
3255	  5
3256	  1
3257	  0
3258	  4
3259	  3
3260	  4
3261	  0
3262	  3
3263	  1
3264	  6
3265	  2
3266	  1
3267	  4
3268	  2
3269	  3
3270	  4
3271	  1
3272	  6
3273	  4
3274	  5
3275	  0
3276	  1
3277	  5
3278	  5
3279	  2
3280	  4
3281	  5
3282	  4
3283	  2
3284	  5
3285	  0
3286	  6
3287	  5
3288	  3
3289	  3
3290	  0
3291	  0
3292	  3
3293	  0
3294	  4
3295	  6
3296	  1
3297	  5
3298	  3
3299	  6
3300	  0
3301	  5
3302	  2
3303	  5
3304	  1
3305	  4
3306	  3
3307	  1
3308	  6
3309	  2
3310	  1
3311	  4
3312	  3
3313	  1
3314	  1
3315	  5
3316	  4
3317	  0
3318	  0
3319	  4
3320	  6
3321	  5
3322	  0
3323	  6
3324	  0
3325	  6
3326	  4
3327	  4
3328	  1
3329	  6
3330	  1
3331	  0
3332	  0
3333	  3
3334	  2
3335	  3
3336	  4
3337	  2
3338	  3
3339	  4
3340	  0
3341	  5
3342	  6
3343	  4
3344	  4
3345	  5
3346	  0
3347	  2
3348	  0
3349	  3
3350	  4
3351	  6
3352	  4
3353	  6
3354	  5
3355	  4
3356	  4
3357	  3
3358	  3
3359	  0
3360	  1
3361	  6
3362	  2
3363	  3
3364	  3
3365	  1
3366	  1
3367	  5
3368	  1
3369	  2
3370	  6
3371	  3
3372	  4
3373	  2
3374	  6
3375	  4
3376	  4
3377	  1
3378	  6
3379	  3
3380	  4
3381	  0
3382	  4
3383	  3
3384	  6
3385	  4
3386	  4
3387	  3
3388	  5
3389	  6
3390	  0
3391	  6
3392	  4
3393	  4
3394	  4
3395	  5
3396	  1
3397	  5
3398	  2
3399	  4
3400	  6
3401	  2
3402	  6
3403	  3
3404	  0
3405	  3
3406	  6
3407	  2
3408	  1
3409	  6
3410	  4
3411	  6
3412	  0
3413	  6
3414	  4
3415	  4
3416	  6
3417	  5
3418	  3
3419	  4
3420	  5
3421	  4
3422	  6
3423	  3
3424	  5
3425	  3
3426	  0
3427	  1
3428	  4
3429	  3
3430	  3
3431	  6
3432	  3
3433	  5
3434	  2
3435	  5
3436	  2
3437	  6
3438	  6
3439	  4
3440	  2
3441	  1
3442	  1
3443	  4
3444	  4
3445	  2
3446	  2
3447	  0
3448	  5
3449	  0
3450	  0
3451	  1
3452	  5
3453	  0
3454	  5
3455	  2
3456	  0
3457	  6
3458	  3
3459	  6
3460	  4
3461	  2
3462	  5
3463	  4
3464	  4
3465	  5
3466	  2
3467	  0
3468	  0
3469	  1
3470	  4
3471	  1
3472	  4
3473	  2
3474	  0
3475	  5
3476	  3
3477	  4
3478	  0
3479	  6
3480	  2
3481	  3
3482	  3
3483	  2
3484	  3
3485	  5
3486	  2
3487	  6
3488	  5
3489	  4
3490	  4
3491	  0
3492	  1
3493	  3
3494	  3
3495	  4
3496	  5
3497	  0
3498	  2
3499	  4
3500	  3
3501	  0
3502	  0
3503	  1
3504	  6
3505	  4
3506	  2
3507	  4
3508	  5
3509	  6
3510	  6
3511	  5
3512	  6
3513	  4
3514	  5
3515	  1
3516	  6
3517	  5
3518	  0
3519	  6
3520	  5
3521	  0
3522	  3
3523	  4
3524	  2
3525	  4
3526	  5
3527	  4
3528	  6
3529	  5
3530	  4
3531	  4
3532	  0
3533	  2
3534	  4
3535	  2
3536	  6
3537	  0
3538	  2
3539	  0
3540	  1
3541	  0
3542	  2
3543	  2
3544	  3
3545	  2
3546	  0
3547	  6
3548	  0
3549	  4
3550	  3
3551	  4
3552	  3
3553	  3
3554	  5
3555	  4
3556	  0
3557	  6
3558	  5
3559	  3
3560	  3
3561	  1
3562	  4
3563	  0
3564	  3
3565	  5
3566	  4
3567	  0
3568	  4
3569	  2
3570	  5
3571	  5
3572	  4
3573	  4
3574	  3
3575	  4
3576	  6
3577	  5
3578	  0
3579	  6
3580	  3
3581	  5
3582	  6
3583	  5
3584	  5
3585	  3
3586	  4
3587	  4
3588	  2
3589	  2
3590	  5
3591	  2
