  0	  0
  1	  1
  2	  1
  3	  1
  4	  1
  5	  0
  6	  3
  7	  3
  8	  3
  9	  3
 10	  3
 11	  1
 12	  2
 13	  0
 14	  1
 15	  1
 16	  0
 17	  1
 18	  1
 19	  3
 20	  1
 21	  0
 22	  0
 23	  3
 24	  3
 25	  1
 26	  3
 27	  1
 28	  1
 29	  2
 30	  1
 31	  0
 32	  2
 33	  3
 34	  1
 35	  1
 36	  0
 37	  1
 38	  3
 39	  1
 40	  2
 41	  3
 42	  1
 43	  1
 44	  1
 45	  3
 46	  1
 47	  3
 48	  0
 49	  3
 50	  3
 51	  1
 52	  1
 53	  1
 54	  3
 55	  2
 56	  1
 57	  3
 58	  0
 59	  1
 60	  1
 61	  2
 62	  3
 63	  3
 64	  0
 65	  1
 66	  1
 67	  0
 68	  1
 69	  1
 70	  1
 71	  1
 72	  1
 73	  2
 74	  2
 75	  1
 76	  1
 77	  1
 78	  1
 79	  3
 80	  0
 81	  2
 82	  2
 83	  1
 84	  3
 85	  1
 86	  2
 87	  2
 88	  3
 89	  1
 90	  0
 91	  1
 92	  2
 93	  1
 94	  1
 95	  2
 96	  1
 97	  2
 98	  1
 99	  1
100	  0
101	  1
102	  1
103	  4
104	  0
105	  1
106	  2
107	  2
108	  0
109	  2
110	  1
111	  1
112	  1
113	  1
114	  1
115	  1
116	  0
117	  1
118	  1
119	  0
120	  1
121	  1
122	  2
123	  1
124	  1
125	  0
126	  1
127	  1
128	  2
129	  0
130	  1
131	  1
132	  1
133	  1
134	  1
135	  1
136	  1
137	  1
138	  1
139	  1
140	  0
141	  1
142	  1
143	  1
144	  1
145	  0
146	  1
147	  0
148	  0
149	  1
150	  1
151	  1
152	  1
153	  1
154	  2
155	  1
156	  1
157	  1
158	  1
159	  1
160	  1
161	  1
162	  1
163	  0
164	  1
165	  1
166	  0
167	  0
168	  1
169	  1
170	  1
171	  2
172	  0
173	  1
174	  1
175	  0
176	  1
177	  1
178	  1
179	  0
180	  1
181	  1
182	  2
183	  1
184	  1
185	  0
186	  0
187	  0
188	  0
189	  0
190	  0
191	  1
192	  1
193	  1
194	  0
195	  1
196	  2
197	  0
198	  1
199	  1
200	  0
201	  1
202	  3
203	  0
204	  0
205	  1
206	  1
207	  0
208	  0
209	  0
210	  1
211	  0
212	  1
213	  1
214	  1
215	  0
216	  0
217	  3
218	  1
219	  0
220	  2
221	  0
222	  1
223	  2
224	  0
225	  3
226	  2
227	  0
228	  1
229	  0
230	  0
231	  2
232	  3
233	  0
234	  0
235	  3
236	  1
237	  2
238	  0
239	  0
240	  0
241	  3
242	  3
243	  3
244	  3
245	  0
246	  0
247	  3
248	  3
249	  3
250	  0
251	  0
252	  1
253	  0
254	  2
255	  0
256	  1
257	  0
258	  0
259	  2
260	  3
261	  3
262	  2
263	  3
264	  3
265	  3
266	  0
267	  3
268	  3
269	  0
270	  0
271	  0
272	  0
273	  3
274	  0
275	  3
276	  0
277	  2
278	  3
279	  1
280	  0
281	  1
282	  3
283	  0
284	  0
285	  0
286	  2
287	  3
288	  3
289	  3
290	  3
291	  0
292	  3
293	  3
294	  2
295	  0
296	  0
297	  3
298	  3
299	  2
300	  0
301	  0
302	  3
303	  3
304	  3
305	  3
306	  2
307	  0
308	  3
309	  3
310	  3
311	  3
312	  3
313	  3
314	  0
315	  0
316	  0
317	  3
318	  0
319	  3
320	  3
321	  3
322	  0
323	  3
324	  3
325	  0
326	  3
327	  3
328	  3
329	  3
330	  3
331	  3
332	  3
333	  3
334	  3
335	  0
336	  3
337	  0
338	  3
339	  3
340	  3
341	  3
342	  0
343	  0
344	  3
345	  0
346	  0
347	  3
348	  3
349	  3
350	  3
351	  3
352	  0
353	  0
354	  3
355	  3
356	  3
357	  3
358	  3
359	  3
360	  3
361	  3
362	  3
363	  3
364	  0
365	  3
366	  3
367	  0
368	  3
369	  3
370	  3
371	  0
372	  3
373	  0
374	  3
375	  3
376	  3
377	  3
378	  3
379	  0
380	  3
381	  3
382	  3
383	  3
384	  0
385	  3
386	  3
387	  3
388	  3
389	  0
390	  0
391	  3
392	  3
393	  0
394	  3
395	  3
396	  0
397	  0
398	  1
399	  3
400	  0
401	  3
402	  0
403	  3
404	  3
405	  3
406	  2
407	  0
408	  0
409	  3
410	  3
411	  3
412	  0
413	  0
414	  2
415	  2
416	  2
417	  0
418	  0
419	  3
420	  1
421	  2
422	  0
423	  0
424	  3
425	  0
426	  3
427	  2
428	  0
429	  0
430	  2
431	  0
432	  1
433	  2
434	  3
435	  2
436	  3
437	  2
438	  3
439	  0
440	  2
441	  0
442	  0
443	  0
444	  3
445	  3
446	  0
447	  0
448	  3
449	  2
450	  0
451	  3
452	  2
453	  2
454	  0
455	  3
456	  3
457	  3
458	  2
459	  3
460	  0
461	  3
462	  1
463	  0
464	  0
465	  2
466	  0
467	  2
468	  0
469	  0
470	  0
471	  0
472	  3
473	  2
474	  0
475	  2
476	  3
477	  3
478	  2
479	  0
480	  2
481	  0
482	  0
483	  1
484	  0
485	  2
486	  0
487	  3
488	  0
489	  3
490	  2
491	  3
492	  2
493	  1
494	  2
495	  1
496	  0
497	  1
498	  0
499	  0
500	  3
501	  1
502	  0
503	  3
504	  3
505	  2
506	  2
507	  2
508	  0
509	  3
510	  0
511	  0
512	  0
513	  2
514	  0
515	  0
516	  3
517	  1
518	  2
519	  0
520	  0
521	  2
522	  3
523	  3
524	  0
525	  0
526	  1
527	  3
528	  0
529	  1
530	  0
531	  2
532	  0
533	  0
534	  3
535	  3
536	  1
537	  0
538	  1
539	  0
540	  0
541	  0
542	  0
543	  0
544	  0
545	  0
546	  3
547	  0
548	  2
549	  0
550	  0
551	  0
552	  0
553	  3
554	  0
555	  1
556	  0
557	  3
558	  2
559	  0
560	  0
561	  0
562	  0
563	  1
564	  3
565	  0
566	  3
567	  0
568	  0
569	  1
570	  0
571	  3
572	  0
573	  0
574	  0
575	  0
576	  0
577	  3
578	  0
579	  3
580	  1
581	  1
582	  3
583	  1
584	  1
585	  1
586	  0
587	  3
588	  3
589	  3
590	  1
591	  1
592	  1
593	  3
594	  0
595	  1
596	  0
597	  0
598	  3
599	  1
600	  0
601	  3
602	  1
603	  1
604	  3
605	  3
606	  0
607	  3
608	  3
609	  1
610	  1
611	  1
612	  1
613	  0
614	  0
615	  3
616	  0
617	  3
618	  0
619	  0
620	  1
621	  3
622	  1
623	  1
624	  0
625	  1
626	  3
627	  3
628	  1
629	  0
630	  1
631	  0
632	  1
633	  3
634	  1
635	  0
636	  1
637	  3
638	  0
639	  3
640	  3
641	  1
642	  1
643	  0
644	  1
645	  4
646	  0
647	  0
648	  3
649	  3
650	  2
651	  3
652	  3
653	  0
654	  0
655	  3
656	  0
657	  3
658	  4
659	  0
660	  0
661	  3
662	  3
663	  0
664	  3
665	  0
666	  3
667	  0
668	  3
669	  3
670	  3
671	  1
672	  0
673	  1
674	  3
675	  3
676	  0
677	  3
678	  3
679	  3
680	  0
681	  3
682	  1
683	  3
684	  1
685	  1
686	  3
687	  3
688	  3
689	  3
690	  3
691	  0
692	  3
693	  0
694	  3
695	  1
696	  3
697	  3
698	  3
699	  1
700	  2
701	  1
702	  3
703	  1
704	  3
705	  0
706	  3
707	  3
708	  2
709	  3
710	  1
711	  1
712	  3
713	  2
714	  2
715	  3
716	  2
717	  3
718	  3
719	  2
720	  3
721	  2
722	  3
723	  1
724	  1
725	  1
726	  2
727	  2
728	  2
729	  1
730	  3
731	  3
732	  1
733	  2
734	  2
735	  2
736	  1
737	  1
738	  3
739	  2
740	  2
741	  3
742	  1
743	  3
744	  2
745	  3
746	  2
747	  1
748	  2
749	  1
750	  3
751	  3
752	  2
753	  2
754	  2
755	  3
756	  2
757	  1
758	  2
759	  2
760	  3
761	  2
762	  2
763	  1
764	  1
765	  2
766	  1
767	  3
768	  3
769	  3
770	  2
771	  3
772	  3
773	  1
774	  2
775	  3
776	  2
777	  3
778	  3
779	  1
780	  1
781	  1
782	  3
783	  3
784	  1
785	  3
786	  1
787	  3
788	  1
789	  1
790	  3
791	  1
792	  3
793	  1
794	  3
795	  1
796	  1
797	  1
798	  1
799	  3
800	  0
801	  3
802	  3
803	  3
804	  1
805	  1
806	  3
807	  0
808	  3
809	  3
810	  1
811	  0
812	  1
813	  0
814	  1
815	  3
816	  1
817	  1
818	  2
819	  1
820	  0
821	  3
822	  0
823	  3
824	  2
825	  1
826	  2
827	  0
828	  2
829	  3
830	  3
831	  3
832	  2
833	  2
834	  2
835	  0
836	  2
837	  2
838	  3
839	  3
840	  2
841	  2
842	  0
843	  1
844	  0
845	  2
846	  3
847	  2
848	  3
849	  3
850	  0
851	  3
852	  2
853	  2
854	  3
855	  2
856	  0
857	  3
858	  2
859	  0
860	  3
861	  3
862	  0
863	  3
864	  2
865	  2
866	  2
867	  0
868	  2
869	  0
870	  2
871	  2
872	  2
873	  2
874	  0
875	  2
876	  3
877	  3
878	  3
879	  2
880	  1
881	  3
882	  2
883	  0
884	  2
885	  3
886	  2
887	  3
888	  2
889	  3
890	  2
891	  1
892	  3
893	  3
894	  2
895	  1
896	  3
897	  1
898	  3
899	  3
900	  3
901	  3
902	  1
903	  3
904	  1
905	  1
906	  1
907	  1
908	  3
909	  3
910	  3
911	  1
912	  3
913	  3
914	  3
915	  3
916	  2
917	  2
918	  3
919	  3
920	  3
921	  1
922	  3
923	  3
924	  3
925	  3
926	  2
927	  2
928	  3
929	  1
930	  3
931	  1
932	  2
933	  2
934	  0
935	  3
936	  2
937	  3
938	  2
939	  2
940	  2
941	  2
942	  2
943	  3
944	  2
945	  1
946	  2
947	  1
948	  3
949	  1
950	  2
951	  2
952	  1
953	  2
954	  1
955	  2
956	  3
957	  1
958	  1
959	  2
960	  2
961	  2
962	  1
963	  2
964	  3
965	  0
966	  2
967	  1
968	  1
969	  2
970	  0
971	  1
972	  3
973	  1
974	  2
975	  2
976	  0
977	  3
978	  2
979	  3
980	  2
981	  3
982	  2
983	  0
984	  1
985	  3
986	  1
987	  2
988	  0
989	  1
990	  2
991	  2
992	  0
993	  2
994	  0
995	  2
996	  0
997	  3
998	  2
999	  2
1000	  2
1001	  0
1002	  1
1003	  1
1004	  0
1005	  2
1006	  0
1007	  1
1008	  0
1009	  0
1010	  2
1011	  0
1012	  1
1013	  1
1014	  1
1015	  3
1016	  1
1017	  0
1018	  2
1019	  0
1020	  1
1021	  2
1022	  2
1023	  1
1024	  0
1025	  0
1026	  1
1027	  1
1028	  0
1029	  1
1030	  0
1031	  1
1032	  1
1033	  0
1034	  1
1035	  1
1036	  0
1037	  0
1038	  0
1039	  3
1040	  2
1041	  1
1042	  1
1043	  1
1044	  1
1045	  0
1046	  0
1047	  0
1048	  3
1049	  3
1050	  3
1051	  0
1052	  3
1053	  0
1054	  0
1055	  0
1056	  3
1057	  0
1058	  0
1059	  0
1060	  0
1061	  0
1062	  3
1063	  3
1064	  0
1065	  0
1066	  0
1067	  0
1068	  0
1069	  0
1070	  3
1071	  0
1072	  0
1073	  3
1074	  3
1075	  0
1076	  0
1077	  3
1078	  3
1079	  3
1080	  0
1081	  0
1082	  3
1083	  0
1084	  3
1085	  0
1086	  3
1087	  0
1088	  0
1089	  3
1090	  0
1091	  3
1092	  0
1093	  3
1094	  0
1095	  3
1096	  0
1097	  0
1098	  0
1099	  1
1100	  3
1101	  0
1102	  0
1103	  0
1104	  3
1105	  1
1106	  0
1107	  0
1108	  0
1109	  0
1110	  3
1111	  0
1112	  0
1113	  1
1114	  0
1115	  0
1116	  1
1117	  1
1118	  0
1119	  0
1120	  0
1121	  0
1122	  3
1123	  3
1124	  0
1125	  0
1126	  0
1127	  0
1128	  1
1129	  2
1130	  0
1131	  3
1132	  0
1133	  0
1134	  0
1135	  3
1136	  0
1137	  0
1138	  0
1139	  3
1140	  3
1141	  0
1142	  0
1143	  3
1144	  0
1145	  0
1146	  0
1147	  0
1148	  0
1149	  0
1150	  0
1151	  3
1152	  0
1153	  0
1154	  3
1155	  0
1156	  0
1157	  1
1158	  1
1159	  0
1160	  0
1161	  0
1162	  0
1163	  0
1164	  0
1165	  0
1166	  0
1167	  1
1168	  0
1169	  2
1170	  2
1171	  1
1172	  1
1173	  1
1174	  1
1175	  0
1176	  0
1177	  0
1178	  0
1179	  0
1180	  0
1181	  2
1182	  0
1183	  0
1184	  0
1185	  1
1186	  0
1187	  0
1188	  0
1189	  0
1190	  2
1191	  3
1192	  1
1193	  3
1194	  0
1195	  0
1196	  0
1197	  1
1198	  0
1199	  0
1200	  0
1201	  0
1202	  0
1203	  0
1204	  3
1205	  0
1206	  3
1207	  0
1208	  0
1209	  0
1210	  0
1211	  3
1212	  0
1213	  3
1214	  0
1215	  3
1216	  0
1217	  1
1218	  3
1219	  0
1220	  3
1221	  0
1222	  3
1223	  1
1224	  0
1225	  3
1226	  3
1227	  1
1228	  3
1229	  0
1230	  3
1231	  0
1232	  0
1233	  1
1234	  0
1235	  0
1236	  3
1237	  0
1238	  3
1239	  0
1240	  0
1241	  3
1242	  3
1243	  0
1244	  0
1245	  0
1246	  0
1247	  3
1248	  1
1249	  0
1250	  3
1251	  3
1252	  0
1253	  1
1254	  3
1255	  3
1256	  0
1257	  0
1258	  3
1259	  0
1260	  0
1261	  3
1262	  0
1263	  0
1264	  0
1265	  3
1266	  3
1267	  0
1268	  3
1269	  3
1270	  3
1271	  3
1272	  3
1273	  3
1274	  1
1275	  3
1276	  3
1277	  1
1278	  1
1279	  0
1280	  1
1281	  3
1282	  3
1283	  2
1284	  3
1285	  3
1286	  3
1287	  3
1288	  3
1289	  1
1290	  3
1291	  3
1292	  0
1293	  2
1294	  1
1295	  3
1296	  2
1297	  3
1298	  0
1299	  3
1300	  0
1301	  0
1302	  3
1303	  2
1304	  3
1305	  3
1306	  0
1307	  3
1308	  3
1309	  3
1310	  3
1311	  0
1312	  3
1313	  3
1314	  0
1315	  0
1316	  3
1317	  0
1318	  3
1319	  0
1320	  0
1321	  0
1322	  0
1323	  3
1324	  0
1325	  3
1326	  0
1327	  3
1328	  3
1329	  0
1330	  3
1331	  0
1332	  0
1333	  3
1334	  3
1335	  0
1336	  0
1337	  0
1338	  0
1339	  0
1340	  0
1341	  0
1342	  3
1343	  0
1344	  0
1345	  3
1346	  3
1347	  0
1348	  3
1349	  0
1350	  0
1351	  3
1352	  0
1353	  0
1354	  0
1355	  0
1356	  0
1357	  0
1358	  0
1359	  3
1360	  0
1361	  0
1362	  0
1363	  3
1364	  0
1365	  3
1366	  0
1367	  0
