  0	  1
  1	  3
  2	  6
  3	  4
  4	  0
  5	  0
  6	  6
  7	  4
  8	  1
  9	  1
 10	  0
 11	  0
 12	  0
 13	  4
 14	  4
 15	  6
 16	  1
 17	  0
 18	  0
 19	  0
 20	  5
 21	  4
 22	  0
 23	  0
 24	  4
 25	  4
 26	  2
 27	  0
 28	  2
 29	  0
 30	  4
 31	  3
 32	  4
 33	  4
 34	  6
 35	  0
 36	  0
 37	  1
 38	  3
 39	  4
 40	  0
 41	  3
 42	  4
 43	  4
 44	  1
 45	  1
 46	  4
 47	  3
 48	  4
 49	  1
 50	  4
 51	  0
 52	  6
 53	  4
 54	  3
 55	  5
 56	  4
 57	  1
 58	  3
 59	  5
 60	  3
 61	  4
 62	  4
 63	  3
 64	  0
 65	  4
 66	  1
 67	  1
 68	  5
 69	  1
 70	  4
 71	  4
 72	  0
 73	  3
 74	  5
 75	  4
 76	  3
 77	  3
 78	  0
 79	  1
 80	  5
 81	  3
 82	  4
 83	  1
 84	  5
 85	  1
 86	  4
 87	  6
 88	  5
 89	  4
 90	  4
 91	  2
 92	  1
 93	  1
 94	  6
 95	  5
 96	  3
 97	  5
 98	  1
 99	  4
100	  1
101	  3
102	  3
103	  4
104	  0
105	  1
106	  0
107	  4
108	  6
109	  0
110	  0
111	  1
112	  1
113	  4
114	  1
115	  5
116	  1
117	  3
118	  3
119	  0
120	  0
121	  3
122	  1
123	  5
124	  0
125	  4
126	  1
127	  3
128	  0
129	  1
130	  4
131	  0
132	  4
133	  4
134	  4
135	  1
136	  1
137	  0
138	  4
139	  1
140	  1
141	  1
142	  4
143	  3
144	  1
145	  4
146	  1
147	  4
148	  3
149	  4
150	  4
151	  1
152	  0
153	  2
154	  0
155	  1
156	  4
157	  3
158	  4
159	  1
160	  4
161	  1
162	  3
163	  5
164	  1
165	  0
166	  0
167	  2
168	  1
169	  6
170	  4
171	  4
172	  0
173	  4
174	  4
175	  5
176	  4
177	  1
178	  0
179	  4
180	  3
181	  1
182	  1
183	  1
184	  1
185	  3
186	  6
187	  1
188	  5
189	  6
190	  1
191	  1
192	  3
193	  1
194	  4
195	  1
196	  4
197	  0
198	  0
199	  5
200	  4
201	  1
202	  0
203	  6
204	  4
205	  4
206	  4
207	  0
208	  0
209	  4
210	  0
211	  4
212	  0
213	  0
214	  4
215	  1
216	  3
217	  6
218	  0
219	  0
220	  3
221	  0
222	  4
223	  2
224	  0
225	  4
226	  3
227	  5
228	  1
229	  1
230	  4
231	  1
232	  6
233	  3
234	  1
235	  1
236	  5
237	  5
238	  1
239	  1
240	  3
241	  0
242	  0
243	  5
244	  3
245	  0
246	  1
247	  5
248	  4
249	  0
250	  3
251	  1
252	  1
253	  3
254	  3
255	  1
256	  3
257	  4
258	  1
259	  2
260	  5
261	  6
262	  5
263	  0
264	  4
265	  0
266	  6
267	  1
268	  0
269	  5
270	  3
271	  2
272	  5
273	  0
274	  0
275	  3
276	  4
277	  2
278	  4
279	  4
280	  3
281	  6
282	  4
283	  6
284	  5
285	  4
286	  4
287	  3
288	  0
289	  1
290	  1
291	  4
292	  0
293	  4
294	  3
295	  0
296	  0
297	  3
298	  2
299	  0
300	  4
301	  4
302	  5
303	  4
304	  3
305	  4
306	  1
307	  1
308	  1
309	  4
310	  1
311	  3
312	  6
313	  1
314	  5
315	  3
316	  1
317	  1
318	  1
319	  6
320	  1
321	  1
322	  1
323	  4
324	  1
325	  3
326	  1
327	  0
328	  3
329	  0
330	  3
331	  3
332	  4
333	  4
334	  0
335	  4
336	  0
337	  0
338	  0
339	  4
340	  6
341	  1
342	  0
343	  4
344	  0
345	  1
346	  4
347	  2
348	  4
349	  3
350	  4
351	  4
352	  2
353	  1
354	  1
355	  0
356	  2
357	  0
358	  4
359	  4
360	  4
361	  0
362	  0
363	  1
364	  0
365	  0
366	  4
367	  3
368	  5
369	  1
370	  4
371	  4
372	  1
373	  0
374	  4
375	  4
376	  4
377	  3
378	  4
379	  0
380	  4
381	  1
382	  1
383	  3
384	  4
385	  4
386	  5
387	  6
388	  0
389	  3
390	  1
391	  4
392	  0
393	  0
394	  1
395	  0
396	  0
397	  4
398	  4
399	  3
400	  4
401	  4
402	  3
403	  6
404	  0
405	  1
406	  0
407	  4
408	  1
409	  1
410	  4
411	  1
412	  6
413	  1
414	  6
415	  0
416	  2
417	  5
418	  4
419	  0
420	  4
421	  1
422	  5
423	  0
424	  3
425	  1
426	  6
427	  0
428	  4
429	  4
430	  3
431	  0
432	  5
433	  1
434	  4
435	  5
436	  6
437	  1
438	  1
439	  0
440	  1
441	  1
442	  4
443	  3
444	  5
445	  3
446	  3
447	  3
448	  5
449	  3
450	  0
451	  4
452	  3
453	  0
454	  4
455	  3
456	  4
457	  0
458	  1
459	  0
460	  4
461	  0
462	  1
463	  2
464	  0
465	  4
466	  0
467	  0
468	  0
469	  4
470	  1
471	  6
472	  0
473	  4
474	  1
475	  0
476	  2
477	  3
478	  6
479	  1
480	  5
481	  1
482	  4
483	  0
484	  5
485	  1
486	  4
487	  3
488	  4
489	  1
490	  6
491	  3
492	  1
493	  5
494	  0
495	  2
496	  3
497	  0
498	  0
499	  4
500	  5
501	  6
502	  1
503	  2
504	  0
505	  1
506	  4
507	  1
508	  1
509	  1
510	  6
511	  3
512	  5
513	  1
514	  0
515	  1
516	  3
517	  2
518	  5
519	  0
520	  1
521	  4
522	  0
523	  4
524	  0
525	  1
526	  0
527	  1
528	  0
529	  1
530	  4
531	  3
532	  4
533	  0
534	  3
535	  3
536	  4
537	  4
538	  4
539	  6
540	  3
541	  1
542	  5
543	  0
544	  5
545	  1
546	  3
547	  1
548	  3
549	  1
550	  1
551	  4
552	  4
553	  0
554	  1
555	  1
556	  5
557	  4
558	  3
559	  4
560	  6
561	  0
562	  1
563	  3
564	  3
565	  3
566	  3
567	  5
568	  0
569	  1
570	  5
571	  1
572	  1
573	  0
574	  6
575	  3
576	  1
577	  2
578	  1
579	  6
580	  1
581	  0
582	  1
583	  5
584	  4
585	  0
586	  0
587	  0
588	  0
589	  4
590	  1
591	  1
592	  3
593	  3
594	  3
595	  5
596	  1
597	  0
598	  1
599	  1
600	  0
601	  3
602	  0
603	  4
604	  4
605	  4
606	  3
607	  5
608	  6
609	  1
610	  5
611	  0
612	  4
613	  3
614	  4
615	  1
616	  3
617	  1
618	  1
619	  4
620	  1
621	  4
622	  0
623	  0
624	  0
625	  3
626	  2
627	  4
628	  4
629	  4
630	  1
631	  3
632	  0
633	  3
634	  1
635	  2
636	  1
637	  4
638	  1
639	  5
640	  5
641	  1
642	  4
643	  5
644	  0
645	  1
646	  5
647	  6
648	  1
649	  4
650	  4
651	  4
652	  0
653	  0
654	  5
655	  3
656	  5
657	  1
658	  0
659	  0
660	  0
661	  1
662	  5
663	  0
664	  5
665	  0
666	  6
667	  0
668	  3
669	  6
670	  1
671	  4
672	  3
673	  0
674	  1
675	  0
676	  5
677	  3
678	  0
679	  1
680	  1
681	  6
682	  6
683	  4
684	  0
685	  3
686	  1
687	  4
688	  0
689	  5
690	  1
691	  0
692	  4
693	  4
694	  1
695	  1
696	  3
697	  4
698	  4
699	  5
700	  2
701	  0
702	  0
703	  3
704	  3
705	  3
706	  4
707	  4
708	  1
709	  3
710	  1
711	  4
712	  3
713	  0
714	  5
715	  3
716	  4
717	  0
718	  2
719	  0
720	  4
721	  0
722	  3
723	  1
724	  4
725	  4
726	  4
727	  1
728	  4
729	  4
730	  0
731	  3
732	  0
733	  1
734	  0
735	  5
736	  3
737	  3
738	  3
739	  1
740	  0
741	  1
742	  1
743	  3
744	  1
745	  1
746	  0
747	  5
748	  0
749	  3
750	  6
751	  4
752	  3
753	  5
754	  0
755	  3
756	  4
757	  3
758	  1
759	  0
760	  3
761	  4
762	  4
763	  0
764	  1
765	  3
766	  6
767	  4
768	  1
769	  0
770	  6
771	  1
772	  4
773	  5
774	  1
775	  1
776	  1
777	  3
778	  5
779	  4
780	  1
781	  1
782	  0
783	  3
784	  4
785	  3
786	  0
787	  0
788	  4
789	  4
790	  1
791	  2
792	  1
793	  3
794	  4
795	  0
796	  0
797	  0
798	  1
799	  2
800	  0
801	  3
802	  4
803	  4
804	  1
805	  4
806	  4
807	  5
808	  4
809	  0
810	  4
811	  1
812	  3
813	  5
814	  1
815	  5
816	  0
817	  6
818	  4
819	  3
820	  3
821	  1
822	  1
823	  1
824	  1
825	  4
826	  4
827	  0
828	  1
829	  1
830	  0
831	  1
832	  0
833	  4
834	  0
835	  3
836	  5
837	  1
838	  1
839	  0
840	  1
841	  4
842	  4
843	  6
844	  1
845	  1
846	  4
847	  0
848	  4
849	  0
850	  1
851	  3
852	  0
853	  4
854	  1
855	  0
856	  3
857	  0
858	  0
859	  5
860	  0
861	  4
862	  1
863	  1
864	  4
865	  3
866	  0
867	  4
868	  4
869	  4
870	  0
871	  4
872	  3
873	  3
874	  4
875	  1
876	  1
877	  0
878	  2
879	  1
880	  0
881	  4
882	  3
883	  0
884	  1
885	  0
886	  3
887	  4
888	  3
889	  3
890	  4
891	  4
892	  1
893	  1
894	  4
895	  0
896	  4
897	  4
898	  3
899	  1
900	  0
901	  1
902	  4
903	  1
904	  0
905	  0
906	  0
907	  4
908	  4
909	  3
910	  4
911	  4
912	  0
913	  1
914	  6
915	  5
916	  3
917	  5
918	  1
919	  4
920	  0
921	  3
922	  0
923	  4
924	  1
925	  1
926	  0
927	  4
928	  1
929	  4
930	  1
931	  1
932	  4
933	  4
934	  0
935	  1
936	  1
937	  0
938	  0
939	  3
940	  1
941	  1
942	  4
943	  4
944	  1
945	  0
946	  0
947	  0
948	  5
949	  4
950	  6
951	  1
952	  6
953	  1
954	  4
955	  4
956	  3
957	  3
958	  5
959	  5
960	  1
961	  4
962	  1
963	  0
964	  4
965	  3
966	  1
967	  3
968	  3
969	  1
970	  0
971	  5
972	  5
973	  1
974	  6
975	  3
976	  0
977	  1
978	  0
979	  4
980	  5
981	  3
982	  4
983	  3
984	  6
985	  4
986	  4
987	  4
988	  1
989	  2
990	  1
991	  0
992	  0
993	  0
994	  4
995	  0
996	  4
997	  6
998	  5
999	  4
1000	  4
1001	  4
1002	  0
1003	  3
1004	  1
1005	  4
1006	  1
1007	  1
1008	  1
1009	  1
1010	  0
1011	  4
1012	  3
1013	  4
1014	  3
1015	  4
1016	  4
1017	  1
1018	  6
1019	  4
1020	  4
1021	  1
1022	  0
1023	  0
1024	  5
1025	  0
1026	  4
1027	  3
1028	  1
1029	  5
1030	  1
1031	  1
1032	  5
1033	  0
1034	  1
1035	  1
1036	  2
1037	  4
1038	  1
1039	  1
1040	  4
1041	  1
1042	  4
1043	  1
1044	  0
1045	  5
1046	  3
1047	  3
1048	  1
1049	  1
1050	  4
1051	  3
1052	  6
1053	  1
1054	  1
1055	  4
1056	  4
1057	  1
1058	  1
1059	  3
1060	  4
1061	  1
1062	  1
1063	  1
1064	  0
1065	  3
1066	  5
1067	  1
1068	  6
1069	  3
1070	  3
1071	  1
1072	  6
1073	  4
1074	  0
1075	  3
1076	  4
1077	  4
1078	  5
1079	  3
1080	  6
1081	  5
1082	  2
1083	  3
1084	  4
1085	  1
1086	  4
1087	  5
1088	  0
1089	  5
1090	  1
1091	  6
1092	  0
1093	  1
1094	  4
1095	  3
1096	  1
1097	  1
1098	  4
1099	  0
1100	  5
1101	  3
1102	  0
1103	  4
1104	  3
1105	  1
1106	  1
1107	  3
1108	  4
1109	  1
1110	  1
1111	  4
1112	  4
1113	  1
1114	  3
1115	  3
1116	  1
1117	  3
1118	  3
1119	  1
1120	  5
1121	  3
1122	  2
1123	  1
1124	  5
1125	  0
1126	  1
1127	  4
1128	  0
1129	  3
1130	  4
1131	  4
1132	  4
1133	  0
1134	  3
1135	  6
1136	  4
1137	  1
1138	  1
1139	  4
1140	  4
1141	  4
1142	  0
1143	  1
1144	  0
1145	  0
1146	  3
1147	  4
1148	  4
1149	  3
1150	  0
1151	  4
1152	  4
1153	  1
1154	  5
1155	  1
1156	  6
1157	  0
1158	  3
1159	  4
1160	  3
1161	  3
1162	  4
1163	  4
1164	  0
1165	  1
1166	  3
1167	  5
1168	  4
1169	  1
1170	  1
1171	  3
1172	  3
1173	  5
1174	  3
1175	  0
1176	  4
1177	  0
1178	  6
1179	  1
1180	  1
1181	  0
1182	  5
1183	  5
1184	  0
1185	  3
1186	  4
1187	  4
1188	  3
1189	  1
1190	  5
1191	  1
1192	  1
1193	  0
1194	  4
1195	  4
1196	  4
1197	  3
1198	  3
1199	  4
1200	  4
1201	  1
1202	  4
1203	  1
1204	  4
1205	  4
1206	  1
1207	  0
1208	  6
1209	  1
1210	  3
1211	  3
1212	  4
1213	  4
1214	  1
1215	  4
1216	  0
1217	  3
1218	  3
1219	  4
1220	  3
1221	  4
1222	  1
1223	  0
1224	  3
1225	  0
1226	  1
1227	  5
1228	  6
1229	  3
1230	  1
1231	  1
1232	  1
1233	  0
1234	  0
1235	  0
1236	  1
1237	  0
1238	  4
1239	  1
1240	  5
1241	  3
1242	  4
1243	  4
1244	  1
1245	  3
1246	  1
1247	  1
1248	  6
1249	  3
1250	  1
1251	  0
1252	  4
1253	  2
1254	  4
1255	  3
1256	  1
1257	  3
1258	  1
1259	  4
1260	  4
1261	  6
1262	  1
1263	  1
1264	  4
1265	  0
1266	  4
1267	  3
1268	  5
1269	  4
1270	  5
1271	  0
1272	  3
1273	  1
1274	  3
1275	  1
1276	  6
1277	  0
1278	  6
1279	  3
1280	  4
1281	  1
1282	  1
1283	  3
1284	  0
1285	  0
1286	  0
1287	  5
1288	  3
1289	  4
1290	  0
1291	  1
1292	  3
1293	  4
1294	  4
1295	  0
1296	  6
1297	  1
1298	  0
1299	  0
1300	  1
1301	  1
1302	  1
1303	  1
1304	  1
1305	  4
1306	  0
1307	  0
1308	  4
1309	  2
1310	  4
1311	  1
1312	  3
1313	  1
1314	  4
1315	  4
1316	  4
1317	  4
1318	  0
1319	  1
1320	  4
1321	  1
1322	  4
1323	  4
1324	  3
1325	  4
1326	  4
1327	  3
1328	  0
1329	  3
1330	  4
1331	  4
1332	  5
1333	  4
1334	  5
1335	  1
1336	  4
1337	  1
1338	  1
1339	  4
1340	  3
1341	  1
1342	  0
1343	  1
1344	  0
1345	  0
1346	  1
1347	  0
1348	  0
1349	  4
1350	  0
1351	  1
1352	  6
1353	  4
1354	  5
1355	  5
1356	  1
1357	  1
1358	  0
1359	  4
1360	  4
1361	  1
1362	  4
1363	  4
1364	  0
1365	  0
1366	  3
1367	  1
1368	  1
1369	  6
1370	  0
1371	  4
1372	  4
1373	  3
1374	  4
1375	  4
1376	  0
1377	  2
1378	  4
1379	  5
1380	  4
1381	  2
1382	  4
1383	  4
1384	  2
1385	  1
1386	  3
1387	  0
1388	  1
1389	  1
1390	  3
1391	  3
1392	  5
1393	  1
1394	  4
1395	  1
1396	  1
1397	  1
1398	  3
1399	  2
1400	  3
1401	  3
1402	  5
1403	  1
1404	  0
1405	  0
1406	  3
1407	  1
1408	  6
1409	  0
1410	  4
1411	  6
1412	  3
1413	  1
1414	  4
1415	  1
1416	  5
1417	  0
1418	  3
1419	  0
1420	  2
1421	  3
1422	  1
1423	  0
1424	  0
1425	  0
1426	  4
1427	  4
1428	  0
1429	  4
1430	  4
1431	  1
1432	  3
1433	  3
1434	  6
1435	  0
1436	  1
1437	  4
1438	  1
1439	  4
1440	  3
1441	  1
1442	  4
1443	  4
1444	  1
1445	  1
1446	  4
1447	  1
1448	  0
1449	  2
1450	  5
1451	  4
1452	  1
1453	  1
1454	  2
1455	  4
1456	  4
1457	  0
1458	  3
1459	  1
1460	  6
1461	  3
1462	  0
1463	  3
1464	  1
1465	  4
1466	  0
1467	  3
1468	  4
1469	  6
1470	  1
1471	  0
1472	  4
1473	  4
1474	  4
1475	  5
1476	  3
1477	  0
1478	  1
1479	  4
1480	  6
1481	  1
1482	  4
1483	  1
1484	  3
1485	  1
1486	  4
1487	  4
1488	  4
1489	  4
1490	  4
1491	  1
1492	  1
1493	  4
1494	  1
1495	  0
1496	  1
1497	  1
1498	  3
1499	  1
1500	  2
1501	  5
1502	  4
1503	  4
1504	  1
1505	  0
1506	  1
1507	  1
1508	  1
1509	  0
1510	  1
1511	  4
1512	  4
1513	  4
1514	  4
1515	  3
1516	  1
1517	  1
1518	  4
1519	  1
1520	  3
1521	  1
1522	  6
1523	  0
1524	  1
1525	  4
1526	  1
1527	  3
1528	  0
1529	  6
1530	  1
1531	  3
1532	  1
1533	  3
1534	  0
1535	  0
1536	  3
1537	  0
1538	  0
1539	  0
1540	  3
1541	  1
1542	  4
1543	  3
1544	  3
1545	  1
1546	  0
1547	  4
1548	  4
1549	  2
1550	  3
1551	  1
1552	  1
1553	  0
1554	  1
1555	  1
1556	  0
1557	  2
1558	  0
1559	  3
1560	  5
1561	  1
1562	  0
1563	  6
1564	  1
1565	  1
1566	  3
1567	  1
1568	  0
1569	  1
1570	  0
1571	  1
1572	  3
1573	  3
1574	  4
1575	  1
1576	  6
1577	  4
1578	  6
1579	  4
1580	  4
1581	  3
1582	  0
1583	  1
1584	  0
1585	  3
1586	  4
1587	  4
1588	  0
1589	  5
1590	  4
1591	  5
1592	  3
1593	  6
1594	  5
1595	  3
1596	  5
1597	  3
1598	  4
1599	  0
1600	  0
1601	  1
1602	  1
1603	  1
1604	  5
1605	  4
1606	  4
1607	  1
1608	  1
1609	  4
1610	  3
1611	  0
1612	  1
1613	  5
1614	  3
1615	  5
1616	  4
1617	  0
1618	  1
1619	  5
1620	  0
1621	  1
1622	  0
1623	  0
1624	  5
1625	  5
1626	  1
1627	  5
1628	  3
1629	  2
1630	  2
1631	  1
1632	  1
1633	  6
1634	  4
1635	  4
1636	  0
1637	  1
1638	  0
1639	  4
1640	  5
1641	  5
1642	  4
1643	  1
1644	  3
1645	  4
1646	  0
1647	  1
1648	  0
1649	  4
1650	  2
1651	  3
1652	  3
1653	  1
1654	  4
1655	  3
1656	  5
1657	  4
1658	  4
1659	  1
1660	  4
1661	  3
1662	  3
1663	  1
1664	  0
1665	  0
1666	  0
1667	  1
1668	  1
1669	  4
1670	  0
1671	  0
1672	  4
1673	  5
1674	  1
1675	  1
1676	  4
1677	  0
1678	  0
1679	  2
1680	  0
1681	  4
1682	  4
1683	  4
1684	  5
1685	  2
1686	  4
1687	  4
1688	  0
1689	  3
1690	  3
1691	  0
1692	  1
1693	  3
1694	  0
1695	  4
1696	  1
1697	  6
1698	  1
1699	  5
1700	  1
1701	  1
1702	  2
1703	  1
1704	  4
1705	  1
1706	  5
1707	  1
1708	  0
1709	  1
1710	  1
1711	  4
1712	  4
1713	  5
1714	  4
1715	  2
1716	  1
1717	  1
1718	  3
1719	  0
1720	  3
1721	  0
1722	  6
1723	  4
1724	  3
1725	  3
1726	  1
1727	  3
1728	  3
1729	  4
1730	  5
1731	  0
1732	  4
1733	  1
1734	  4
1735	  4
1736	  1
1737	  1
1738	  5
1739	  3
1740	  4
1741	  0
1742	  6
1743	  0
1744	  1
1745	  1
1746	  6
1747	  1
1748	  5
1749	  4
1750	  2
1751	  5
1752	  1
1753	  1
1754	  1
1755	  4
1756	  1
1757	  3
1758	  4
1759	  2
1760	  0
1761	  4
1762	  3
1763	  4
1764	  1
1765	  3
1766	  0
1767	  1
1768	  4
1769	  6
1770	  0
1771	  1
1772	  6
1773	  0
1774	  4
1775	  3
1776	  0
1777	  1
1778	  1
1779	  3
1780	  4
1781	  4
1782	  6
1783	  0
1784	  4
1785	  1
1786	  4
1787	  0
1788	  1
1789	  1
1790	  3
1791	  0
1792	  4
1793	  0
1794	  1
1795	  1
1796	  3
1797	  2
1798	  0
1799	  0
1800	  5
1801	  4
1802	  0
1803	  0
1804	  2
1805	  5
1806	  0
1807	  1
1808	  3
1809	  6
1810	  0
1811	  3
1812	  6
1813	  4
1814	  4
1815	  3
1816	  4
1817	  0
1818	  2
1819	  3
1820	  0
1821	  0
1822	  4
1823	  5
1824	  4
1825	  2
1826	  4
1827	  6
1828	  6
1829	  0
1830	  6
1831	  4
1832	  4
1833	  1
1834	  4
1835	  1
1836	  4
1837	  3
1838	  5
1839	  2
1840	  5
1841	  5
1842	  3
1843	  0
1844	  2
1845	  1
1846	  4
1847	  0
1848	  1
1849	  0
1850	  0
1851	  3
1852	  3
1853	  1
1854	  3
1855	  1
1856	  1
1857	  1
1858	  4
1859	  3
1860	  1
1861	  1
1862	  1
1863	  0
1864	  0
1865	  5
1866	  1
1867	  1
1868	  1
1869	  1
1870	  4
1871	  2
1872	  0
1873	  1
1874	  4
1875	  5
1876	  4
1877	  5
1878	  5
1879	  0
1880	  3
1881	  6
1882	  0
1883	  0
1884	  2
1885	  3
1886	  4
1887	  1
1888	  3
1889	  3
1890	  1
1891	  6
1892	  1
1893	  3
1894	  3
1895	  3
1896	  0
1897	  4
1898	  3
1899	  0
1900	  3
1901	  1
1902	  0
1903	  5
1904	  1
1905	  1
1906	  0
1907	  0
1908	  3
1909	  2
1910	  0
1911	  3
1912	  0
1913	  1
1914	  6
1915	  0
1916	  1
1917	  3
1918	  3
1919	  0
1920	  1
1921	  0
1922	  3
1923	  0
1924	  4
1925	  5
1926	  5
1927	  1
1928	  0
1929	  1
1930	  1
1931	  1
1932	  1
1933	  0
1934	  3
1935	  4
1936	  4
1937	  4
1938	  5
1939	  1
1940	  3
1941	  4
1942	  1
1943	  1
1944	  1
1945	  4
1946	  1
1947	  4
1948	  3
1949	  1
1950	  1
1951	  5
1952	  5
1953	  0
1954	  1
1955	  0
1956	  4
1957	  1
1958	  5
1959	  1
1960	  0
1961	  1
1962	  4
1963	  0
1964	  5
1965	  5
1966	  0
1967	  0
1968	  3
1969	  4
1970	  0
1971	  4
1972	  1
1973	  0
1974	  2
1975	  2
1976	  0
1977	  3
1978	  4
1979	  1
1980	  1
1981	  3
1982	  5
1983	  3
1984	  1
1985	  4
1986	  1
1987	  4
1988	  4
1989	  3
1990	  2
1991	  2
1992	  1
1993	  4
1994	  3
1995	  1
1996	  1
1997	  3
1998	  1
1999	  4
2000	  0
2001	  1
2002	  0
2003	  1
2004	  3
2005	  6
2006	  3
2007	  3
2008	  4
2009	  5
2010	  1
2011	  3
2012	  4
2013	  0
2014	  3
2015	  4
2016	  4
2017	  0
2018	  4
2019	  1
2020	  1
2021	  3
2022	  1
2023	  4
2024	  6
2025	  5
2026	  4
2027	  4
2028	  1
2029	  6
2030	  5
2031	  5
2032	  1
2033	  0
2034	  1
2035	  1
2036	  0
2037	  3
2038	  3
2039	  4
2040	  3
2041	  4
2042	  4
2043	  4
2044	  1
2045	  0
2046	  1
2047	  3
2048	  4
2049	  1
2050	  1
2051	  0
2052	  0
2053	  1
2054	  6
2055	  1
2056	  5
2057	  0
2058	  1
2059	  1
2060	  4
2061	  3
2062	  0
2063	  0
2064	  3
2065	  4
2066	  4
2067	  3
2068	  1
2069	  5
2070	  1
2071	  1
2072	  5
2073	  4
2074	  3
2075	  5
2076	  3
2077	  1
2078	  0
2079	  0
2080	  4
2081	  5
2082	  5
2083	  0
2084	  0
2085	  4
2086	  0
2087	  3
2088	  4
2089	  5
2090	  3
2091	  3
2092	  0
2093	  4
2094	  3
2095	  4
2096	  3
2097	  4
2098	  0
2099	  4
2100	  0
2101	  3
2102	  4
2103	  5
2104	  4
2105	  1
2106	  5
2107	  1
2108	  2
2109	  4
2110	  1
2111	  3
2112	  0
2113	  4
2114	  0
2115	  4
2116	  3
2117	  3
2118	  1
2119	  5
2120	  3
2121	  3
2122	  2
2123	  1
2124	  4
2125	  4
2126	  2
2127	  3
2128	  4
2129	  1
2130	  5
2131	  1
2132	  5
2133	  4
2134	  1
2135	  0
2136	  4
2137	  1
2138	  1
2139	  3
2140	  3
2141	  1
2142	  3
2143	  2
2144	  3
2145	  1
2146	  3
2147	  3
2148	  6
2149	  1
2150	  0
2151	  0
2152	  3
2153	  3
2154	  4
2155	  0
2156	  1
2157	  3
2158	  2
2159	  2
2160	  5
2161	  6
2162	  5
2163	  3
2164	  3
2165	  1
2166	  6
2167	  0
2168	  3
2169	  1
2170	  3
2171	  0
2172	  0
2173	  4
2174	  5
2175	  1
2176	  5
2177	  0
2178	  4
2179	  4
2180	  0
2181	  0
2182	  0
2183	  0
2184	  5
2185	  0
2186	  1
2187	  3
2188	  0
2189	  4
2190	  3
2191	  0
2192	  4
2193	  4
2194	  0
2195	  1
2196	  1
2197	  0
2198	  4
2199	  1
2200	  1
2201	  1
2202	  2
2203	  0
2204	  3
2205	  3
2206	  0
2207	  6
2208	  1
2209	  6
2210	  1
2211	  3
2212	  1
2213	  6
2214	  0
2215	  0
2216	  3
2217	  4
2218	  5
2219	  3
2220	  1
2221	  5
2222	  6
2223	  0
2224	  5
2225	  6
2226	  3
2227	  5
2228	  3
2229	  0
2230	  5
2231	  0
2232	  4
2233	  1
2234	  4
2235	  4
2236	  5
2237	  2
2238	  1
2239	  1
2240	  5
2241	  4
2242	  3
2243	  1
2244	  5
2245	  0
2246	  1
2247	  0
2248	  3
2249	  1
2250	  1
2251	  1
2252	  4
2253	  1
2254	  3
2255	  4
2256	  6
2257	  4
2258	  4
2259	  4
2260	  3
2261	  1
2262	  0
2263	  4
2264	  0
2265	  1
2266	  4
2267	  4
2268	  4
2269	  3
2270	  6
2271	  0
2272	  5
2273	  5
2274	  4
2275	  4
2276	  4
2277	  0
2278	  5
2279	  0
2280	  1
2281	  4
2282	  4
2283	  1
2284	  3
2285	  5
2286	  0
2287	  0
2288	  3
2289	  0
2290	  1
2291	  1
2292	  1
2293	  1
2294	  1
2295	  0
2296	  1
2297	  1
2298	  4
2299	  0
2300	  0
2301	  4
2302	  0
2303	  0
2304	  3
2305	  5
2306	  0
2307	  4
2308	  1
2309	  1
2310	  3
2311	  4
2312	  6
2313	  3
2314	  1
2315	  3
2316	  4
2317	  0
2318	  6
2319	  1
2320	  1
2321	  4
2322	  3
2323	  4
2324	  0
2325	  1
2326	  1
2327	  3
2328	  6
2329	  4
2330	  0
2331	  3
2332	  5
2333	  5
2334	  3
2335	  1
2336	  5
2337	  4
2338	  5
2339	  4
2340	  1
2341	  6
2342	  4
2343	  1
2344	  0
2345	  6
2346	  4
2347	  0
2348	  1
2349	  0
2350	  2
2351	  5
2352	  0
2353	  1
2354	  5
2355	  3
2356	  0
2357	  0
2358	  0
2359	  1
2360	  4
2361	  0
2362	  0
2363	  6
2364	  1
2365	  3
2366	  1
2367	  1
2368	  0
2369	  0
2370	  0
2371	  4
2372	  0
2373	  1
2374	  0
2375	  3
2376	  1
2377	  1
2378	  3
2379	  1
2380	  1
2381	  1
2382	  4
2383	  4
2384	  1
2385	  4
2386	  5
2387	  0
2388	  0
2389	  0
2390	  4
2391	  1
2392	  4
2393	  4
2394	  5
2395	  6
2396	  1
2397	  3
2398	  6
2399	  3
2400	  0
2401	  0
2402	  4
2403	  3
2404	  1
2405	  0
2406	  4
2407	  3
2408	  4
2409	  1
2410	  4
2411	  4
2412	  1
2413	  3
2414	  3
2415	  1
2416	  4
2417	  1
2418	  4
2419	  0
2420	  1
2421	  0
2422	  4
2423	  4
2424	  0
2425	  0
2426	  0
2427	  1
2428	  4
2429	  1
2430	  1
2431	  4
2432	  0
2433	  5
2434	  0
2435	  4
2436	  5
2437	  1
2438	  4
2439	  3
2440	  0
2441	  4
2442	  0
2443	  3
2444	  5
2445	  1
2446	  3
2447	  5
2448	  4
2449	  1
2450	  0
2451	  0
2452	  1
2453	  4
2454	  1
2455	  4
2456	  1
2457	  1
2458	  4
2459	  5
2460	  4
2461	  1
2462	  1
2463	  4
2464	  4
2465	  4
2466	  3
2467	  0
2468	  0
2469	  4
2470	  3
2471	  1
2472	  1
2473	  0
2474	  4
2475	  1
2476	  1
2477	  1
2478	  0
2479	  3
2480	  1
2481	  0
2482	  6
2483	  1
2484	  4
2485	  1
2486	  0
2487	  5
2488	  0
2489	  3
2490	  4
2491	  0
2492	  3
2493	  0
2494	  0
2495	  2
2496	  3
2497	  0
2498	  3
2499	  4
2500	  5
2501	  3
2502	  1
2503	  4
2504	  2
2505	  1
2506	  4
2507	  4
2508	  0
2509	  1
2510	  0
2511	  0
2512	  3
2513	  6
2514	  2
2515	  0
2516	  1
2517	  4
2518	  4
2519	  5
2520	  0
2521	  0
2522	  1
2523	  1
2524	  1
2525	  3
2526	  4
2527	  6
2528	  4
2529	  1
2530	  3
2531	  0
2532	  4
2533	  0
2534	  1
2535	  3
2536	  6
2537	  1
2538	  4
2539	  5
2540	  4
2541	  0
2542	  3
2543	  4
2544	  6
2545	  4
2546	  0
2547	  5
2548	  4
2549	  0
2550	  4
2551	  4
2552	  1
2553	  0
2554	  4
2555	  4
2556	  4
2557	  0
2558	  6
2559	  4
2560	  1
2561	  3
2562	  4
2563	  0
2564	  0
2565	  0
2566	  1
2567	  5
2568	  1
2569	  3
2570	  4
2571	  4
2572	  1
2573	  1
2574	  3
2575	  6
2576	  5
2577	  1
2578	  5
2579	  1
2580	  4
2581	  6
2582	  3
2583	  1
2584	  4
2585	  1
2586	  4
2587	  5
2588	  4
2589	  4
2590	  5
2591	  1
2592	  4
2593	  1
2594	  5
2595	  3
2596	  5
2597	  1
2598	  2
2599	  4
2600	  1
2601	  4
2602	  5
2603	  1
2604	  0
2605	  6
2606	  3
2607	  0
2608	  0
2609	  0
2610	  5
2611	  4
2612	  4
2613	  5
2614	  4
2615	  0
2616	  3
2617	  6
2618	  5
2619	  2
2620	  1
2621	  1
2622	  1
2623	  1
2624	  0
2625	  5
2626	  0
2627	  1
2628	  1
2629	  0
2630	  1
2631	  5
2632	  6
2633	  1
2634	  3
2635	  1
2636	  3
2637	  4
2638	  1
2639	  3
2640	  5
2641	  1
2642	  2
2643	  1
2644	  1
2645	  3
2646	  1
2647	  0
2648	  4
2649	  1
2650	  4
2651	  3
2652	  5
2653	  2
2654	  0
2655	  1
2656	  1
2657	  3
2658	  5
2659	  1
2660	  0
2661	  1
2662	  4
2663	  4
2664	  4
2665	  5
2666	  4
2667	  0
2668	  3
2669	  3
2670	  3
2671	  6
2672	  4
2673	  4
2674	  1
2675	  5
2676	  3
2677	  1
2678	  4
2679	  5
2680	  3
2681	  4
2682	  4
2683	  4
2684	  1
2685	  4
2686	  1
2687	  4
2688	  6
2689	  5
2690	  1
2691	  3
2692	  3
2693	  3
2694	  5
2695	  4
2696	  5
2697	  0
2698	  4
2699	  6
2700	  4
2701	  0
2702	  1
2703	  6
2704	  4
2705	  0
2706	  0
2707	  1
2708	  4
2709	  0
2710	  4
2711	  1
2712	  0
2713	  4
2714	  6
2715	  1
2716	  5
2717	  3
2718	  6
2719	  1
2720	  6
2721	  1
2722	  3
2723	  4
2724	  5
2725	  4
2726	  6
2727	  4
2728	  5
2729	  0
2730	  4
2731	  1
2732	  4
2733	  0
2734	  1
2735	  1
2736	  1
2737	  4
2738	  3
2739	  3
2740	  4
2741	  1
2742	  1
2743	  4
2744	  0
2745	  5
2746	  4
2747	  3
2748	  3
2749	  0
2750	  3
2751	  0
2752	  3
2753	  1
2754	  1
2755	  0
2756	  1
2757	  0
2758	  0
2759	  3
2760	  4
2761	  5
2762	  0
2763	  1
2764	  3
2765	  0
2766	  3
2767	  0
2768	  4
2769	  3
2770	  6
2771	  3
2772	  4
2773	  1
2774	  3
2775	  0
2776	  1
2777	  5
2778	  1
2779	  1
2780	  1
2781	  4
2782	  0
2783	  6
2784	  0
2785	  2
2786	  0
2787	  1
2788	  1
2789	  0
2790	  6
2791	  5
2792	  5
2793	  0
2794	  4
2795	  5
2796	  4
2797	  1
2798	  4
2799	  0
2800	  4
2801	  4
2802	  4
2803	  5
2804	  3
2805	  6
2806	  1
2807	  1
2808	  1
2809	  3
2810	  4
2811	  3
2812	  3
2813	  2
2814	  1
2815	  4
2816	  0
2817	  0
2818	  5
2819	  1
2820	  1
2821	  2
2822	  3
2823	  3
2824	  0
2825	  1
2826	  5
2827	  1
2828	  5
2829	  0
2830	  5
2831	  1
2832	  4
2833	  1
2834	  1
2835	  4
2836	  3
2837	  3
2838	  4
2839	  1
2840	  5
2841	  1
2842	  1
2843	  4
2844	  1
2845	  3
2846	  5
2847	  0
2848	  4
2849	  1
2850	  4
2851	  1
2852	  3
2853	  1
2854	  1
2855	  4
2856	  0
2857	  0
2858	  4
2859	  0
2860	  5
2861	  4
2862	  0
2863	  1
2864	  5
2865	  3
2866	  0
2867	  1
2868	  4
2869	  1
2870	  0
2871	  3
2872	  3
2873	  0
2874	  1
2875	  3
2876	  5
2877	  1
2878	  0
2879	  5
2880	  3
2881	  4
2882	  1
2883	  4
2884	  4
2885	  4
2886	  3
2887	  3
2888	  4
2889	  0
2890	  4
2891	  1
2892	  1
2893	  4
2894	  0
2895	  4
2896	  3
2897	  1
2898	  3
2899	  0
2900	  1
2901	  4
2902	  6
2903	  0
2904	  4
2905	  3
2906	  1
2907	  0
2908	  4
2909	  4
2910	  1
2911	  0
2912	  1
2913	  0
2914	  0
2915	  4
2916	  6
2917	  3
2918	  5
2919	  1
2920	  1
2921	  0
2922	  5
2923	  4
2924	  1
2925	  3
2926	  1
2927	  1
2928	  1
2929	  0
2930	  1
2931	  5
2932	  3
2933	  3
2934	  3
2935	  6
2936	  3
2937	  0
2938	  4
2939	  1
2940	  4
2941	  4
2942	  4
2943	  0
2944	  6
2945	  4
2946	  6
2947	  0
2948	  4
2949	  1
2950	  3
2951	  1
2952	  4
2953	  1
2954	  0
2955	  1
2956	  0
2957	  0
2958	  1
2959	  2
2960	  0
2961	  1
2962	  4
2963	  1
2964	  0
2965	  5
2966	  1
2967	  2
2968	  4
2969	  4
2970	  5
2971	  6
2972	  3
2973	  3
2974	  0
2975	  5
2976	  3
2977	  6
2978	  4
2979	  4
2980	  0
2981	  3
2982	  1
2983	  0
2984	  4
2985	  1
2986	  5
2987	  0
2988	  4
2989	  5
2990	  0
2991	  0
2992	  4
2993	  4
2994	  1
2995	  4
2996	  5
2997	  5
2998	  3
2999	  0
3000	  1
3001	  4
3002	  5
3003	  4
3004	  3
3005	  1
3006	  0
3007	  4
3008	  1
3009	  0
3010	  1
3011	  4
3012	  1
3013	  1
3014	  0
3015	  3
3016	  3
3017	  0
3018	  4
3019	  1
3020	  1
3021	  2
3022	  6
3023	  5
3024	  1
3025	  4
3026	  0
3027	  0
3028	  1
3029	  4
3030	  0
3031	  1
3032	  3
3033	  0
3034	  0
3035	  1
3036	  0
3037	  4
3038	  4
3039	  5
3040	  4
3041	  1
3042	  0
3043	  3
3044	  4
3045	  0
3046	  0
3047	  1
3048	  4
3049	  4
3050	  3
3051	  3
3052	  0
3053	  5
3054	  0
3055	  3
3056	  3
3057	  0
3058	  4
3059	  1
3060	  4
3061	  4
3062	  5
3063	  0
3064	  0
3065	  0
3066	  5
3067	  3
3068	  0
3069	  3
3070	  4
3071	  5
3072	  5
3073	  0
3074	  4
3075	  4
3076	  0
3077	  4
3078	  1
3079	  0
3080	  3
3081	  1
3082	  1
3083	  1
3084	  4
3085	  0
3086	  4
3087	  3
3088	  4
3089	  5
3090	  4
3091	  5
3092	  1
3093	  1
3094	  1
3095	  4
3096	  4
3097	  5
3098	  1
3099	  6
3100	  5
3101	  4
3102	  0
3103	  0
3104	  3
3105	  4
3106	  5
3107	  0
3108	  0
3109	  4
3110	  4
3111	  5
3112	  0
3113	  3
3114	  1
3115	  0
3116	  4
3117	  3
3118	  1
3119	  3
3120	  2
3121	  4
3122	  2
3123	  0
3124	  1
3125	  5
3126	  4
3127	  5
3128	  2
3129	  5
3130	  0
3131	  2
3132	  0
3133	  5
3134	  2
3135	  4
3136	  0
3137	  0
3138	  1
3139	  0
3140	  4
3141	  1
3142	  1
3143	  3
3144	  0
3145	  4
3146	  1
3147	  1
3148	  0
3149	  3
3150	  0
3151	  6
3152	  5
3153	  0
3154	  1
3155	  1
3156	  3
3157	  1
3158	  1
3159	  4
3160	  4
3161	  5
3162	  4
3163	  0
3164	  5
3165	  3
3166	  2
3167	  3
3168	  4
3169	  4
3170	  3
3171	  4
3172	  3
3173	  0
3174	  1
3175	  1
3176	  4
3177	  4
3178	  5
3179	  1
3180	  4
3181	  4
3182	  0
3183	  1
3184	  0
3185	  1
3186	  0
3187	  0
3188	  5
3189	  1
3190	  1
3191	  0
3192	  3
3193	  3
3194	  3
3195	  0
3196	  4
3197	  2
3198	  0
3199	  1
3200	  3
3201	  1
3202	  1
3203	  0
3204	  0
3205	  1
3206	  4
3207	  0
3208	  1
3209	  0
3210	  3
3211	  1
3212	  0
3213	  4
3214	  1
3215	  1
3216	  4
3217	  1
3218	  4
3219	  5
3220	  1
3221	  4
3222	  4
3223	  0
3224	  4
3225	  1
3226	  2
3227	  5
3228	  5
3229	  4
3230	  1
3231	  0
3232	  3
3233	  6
3234	  3
3235	  3
3236	  2
3237	  4
3238	  4
3239	  6
3240	  0
3241	  0
3242	  1
3243	  4
3244	  4
3245	  4
3246	  5
3247	  4
3248	  1
3249	  1
3250	  1
3251	  4
3252	  1
3253	  4
3254	  4
3255	  4
3256	  5
3257	  3
3258	  2
3259	  5
3260	  1
3261	  1
3262	  3
3263	  3
3264	  3
3265	  1
3266	  1
3267	  0
3268	  3
3269	  1
3270	  1
3271	  1
3272	  4
3273	  4
3274	  4
3275	  1
3276	  5
3277	  4
3278	  3
3279	  3
3280	  1
3281	  1
3282	  1
3283	  3
3284	  3
3285	  0
3286	  1
3287	  0
3288	  4
3289	  3
3290	  3
3291	  4
3292	  6
3293	  1
3294	  3
3295	  4
3296	  0
3297	  0
3298	  5
3299	  2
3300	  1
3301	  1
3302	  4
3303	  1
3304	  3
3305	  5
3306	  1
3307	  0
3308	  1
3309	  5
3310	  4
3311	  2
3312	  4
3313	  4
3314	  5
3315	  1
3316	  1
3317	  1
3318	  0
3319	  0
3320	  1
3321	  1
3322	  5
3323	  1
3324	  4
3325	  3
3326	  4
3327	  3
3328	  3
3329	  0
3330	  3
3331	  4
3332	  1
3333	  4
3334	  4
3335	  2
3336	  1
3337	  1
3338	  4
3339	  1
3340	  3
3341	  4
3342	  5
3343	  4
3344	  6
3345	  1
3346	  1
3347	  0
3348	  0
3349	  4
3350	  4
3351	  1
3352	  5
3353	  5
3354	  1
3355	  4
3356	  6
3357	  2
3358	  4
3359	  3
3360	  4
3361	  0
3362	  2
3363	  1
3364	  0
3365	  3
3366	  4
3367	  4
3368	  3
3369	  0
3370	  0
3371	  0
3372	  4
3373	  0
3374	  3
3375	  1
3376	  3
3377	  3
3378	  4
3379	  0
3380	  0
3381	  6
3382	  4
3383	  4
3384	  3
3385	  0
3386	  0
3387	  5
3388	  6
3389	  3
3390	  3
3391	  4
3392	  0
3393	  0
3394	  6
3395	  0
3396	  3
3397	  4
3398	  1
3399	  1
3400	  1
3401	  1
3402	  1
3403	  3
3404	  4
3405	  5
3406	  0
3407	  1
3408	  3
3409	  3
3410	  0
3411	  0
3412	  6
3413	  4
3414	  3
3415	  4
3416	  0
3417	  4
3418	  0
3419	  6
3420	  1
3421	  4
3422	  0
3423	  4
3424	  0
3425	  1
3426	  5
3427	  1
3428	  1
3429	  2
3430	  4
3431	  1
3432	  0
3433	  1
3434	  4
3435	  0
3436	  0
3437	  1
3438	  3
3439	  4
3440	  3
3441	  1
3442	  3
3443	  5
3444	  3
3445	  0
3446	  5
3447	  1
3448	  3
3449	  0
3450	  0
3451	  1
3452	  1
3453	  6
3454	  0
3455	  0
3456	  2
3457	  0
3458	  4
3459	  0
3460	  0
3461	  0
3462	  6
3463	  0
3464	  3
3465	  5
3466	  0
3467	  4
3468	  1
3469	  3
3470	  1
3471	  0
3472	  1
3473	  1
3474	  0
3475	  3
3476	  5
3477	  0
3478	  0
3479	  4
3480	  1
3481	  3
3482	  1
3483	  3
3484	  4
3485	  0
3486	  1
3487	  0
3488	  1
3489	  0
3490	  4
3491	  4
3492	  0
3493	  4
3494	  3
3495	  3
3496	  4
3497	  4
3498	  0
3499	  3
3500	  5
3501	  3
3502	  4
3503	  0
3504	  0
3505	  3
3506	  4
3507	  3
3508	  4
3509	  4
3510	  4
3511	  5
3512	  1
3513	  1
3514	  1
3515	  3
3516	  6
3517	  6
3518	  4
3519	  3
3520	  4
3521	  1
3522	  1
3523	  3
3524	  4
3525	  3
3526	  1
3527	  5
3528	  4
3529	  4
3530	  1
3531	  4
3532	  2
3533	  1
3534	  1
3535	  4
3536	  4
3537	  1
3538	  4
3539	  0
3540	  5
3541	  1
3542	  4
3543	  4
3544	  4
3545	  3
3546	  4
3547	  4
3548	  1
3549	  0
3550	  3
3551	  1
3552	  3
3553	  3
3554	  1
3555	  0
3556	  0
3557	  0
3558	  6
3559	  6
3560	  0
3561	  1
3562	  1
3563	  3
3564	  5
3565	  1
3566	  4
3567	  4
3568	  6
3569	  4
3570	  3
3571	  4
3572	  4
3573	  5
3574	  6
3575	  1
3576	  4
3577	  5
3578	  5
3579	  3
3580	  5
3581	  3
3582	  1
3583	  4
3584	  3
3585	  1
3586	  3
3587	  4
3588	  1
3589	  6
3590	  3
3591	  4
3592	  4
3593	  6
3594	  1
3595	  1
3596	  0
3597	  0
3598	  1
3599	  4
3600	  4
3601	  0
3602	  0
3603	  0
3604	  0
3605	  2
3606	  3
3607	  3
3608	  1
3609	  0
3610	  0
3611	  4
3612	  6
3613	  1
3614	  1
3615	  1
3616	  0
3617	  3
3618	  3
3619	  2
3620	  4
3621	  1
3622	  1
3623	  4
3624	  4
3625	  0
3626	  4
3627	  0
3628	  4
3629	  4
3630	  0
3631	  4
3632	  4
3633	  5
3634	  4
3635	  0
3636	  0
3637	  4
3638	  0
3639	  1
3640	  4
3641	  1
3642	  4
3643	  0
3644	  4
3645	  0
3646	  3
3647	  6
3648	  1
3649	  4
3650	  0
3651	  1
3652	  4
3653	  0
3654	  0
3655	  0
3656	  0
3657	  0
3658	  0
3659	  1
3660	  0
3661	  6
3662	  4
3663	  4
3664	  0
3665	  3
3666	  0
3667	  4
3668	  4
3669	  0
3670	  4
3671	  4
3672	  4
3673	  5
3674	  1
3675	  0
3676	  1
3677	  6
3678	  4
3679	  2
3680	  0
3681	  6
3682	  0
3683	  4
3684	  3
3685	  0
3686	  4
3687	  5
3688	  3
3689	  1
3690	  0
3691	  4
3692	  0
3693	  0
3694	  0
3695	  5
3696	  4
3697	  0
3698	  3
3699	  3
3700	  0
3701	  0
3702	  6
3703	  3
3704	  5
3705	  4
3706	  1
3707	  0
3708	  1
3709	  1
3710	  0
3711	  1
3712	  4
3713	  1
3714	  0
3715	  4
3716	  4
3717	  4
3718	  0
3719	  1
3720	  1
3721	  2
3722	  0
3723	  1
3724	  5
3725	  3
3726	  1
3727	  0
3728	  0
3729	  3
3730	  4
3731	  6
3732	  4
3733	  0
3734	  3
3735	  0
3736	  0
3737	  1
3738	  1
3739	  1
3740	  1
3741	  4
3742	  0
3743	  3
3744	  1
3745	  0
3746	  0
3747	  0
3748	  4
3749	  0
3750	  0
3751	  4
3752	  0
3753	  5
3754	  1
3755	  0
3756	  6
3757	  2
3758	  0
3759	  1
3760	  1
3761	  4
3762	  1
3763	  0
3764	  4
3765	  1
3766	  0
3767	  3
3768	  5
3769	  6
3770	  1
3771	  5
3772	  5
3773	  5
3774	  4
3775	  1
3776	  6
3777	  3
3778	  1
3779	  4
3780	  6
3781	  3
3782	  1
3783	  0
3784	  3
3785	  3
3786	  1
3787	  4
3788	  3
3789	  4
3790	  1
3791	  1
3792	  1
3793	  0
3794	  1
3795	  1
3796	  0
3797	  1
3798	  5
3799	  1
3800	  5
3801	  4
3802	  2
3803	  5
3804	  5
3805	  6
3806	  4
3807	  1
3808	  3
3809	  4
3810	  3
3811	  4
3812	  4
3813	  4
3814	  3
3815	  4
3816	  5
3817	  4
3818	  1
3819	  6
3820	  5
3821	  0
3822	  5
3823	  1
3824	  3
3825	  1
3826	  4
3827	  4
3828	  4
3829	  2
3830	  5
3831	  0
3832	  4
3833	  5
3834	  4
3835	  3
3836	  4
3837	  3
3838	  1
3839	  1
3840	  1
3841	  4
3842	  4
3843	  4
3844	  3
3845	  3
3846	  1
3847	  5
3848	  2
3849	  3
3850	  1
3851	  5
3852	  0
3853	  1
3854	  6
3855	  1
3856	  0
3857	  4
3858	  3
3859	  0
3860	  3
3861	  1
3862	  0
3863	  1
3864	  3
3865	  1
3866	  1
3867	  1
3868	  1
3869	  5
3870	  6
3871	  0
3872	  0
3873	  0
3874	  0
3875	  1
3876	  0
3877	  0
3878	  1
3879	  4
3880	  0
3881	  4
3882	  4
3883	  3
3884	  1
3885	  3
3886	  4
3887	  1
3888	  4
3889	  0
3890	  0
3891	  0
3892	  0
3893	  4
3894	  1
3895	  0
3896	  0
3897	  4
3898	  3
3899	  4
3900	  4
3901	  1
3902	  0
3903	  3
3904	  2
3905	  1
3906	  3
3907	  4
3908	  0
3909	  3
3910	  4
3911	  4
3912	  1
3913	  1
3914	  5
3915	  4
3916	  5
3917	  4
3918	  4
3919	  1
3920	  5
3921	  4
3922	  5
3923	  2
3924	  4
3925	  3
3926	  4
3927	  1
3928	  3
3929	  3
3930	  0
3931	  5
3932	  4
3933	  4
3934	  3
3935	  0
3936	  1
3937	  2
3938	  3
3939	  0
3940	  0
3941	  5
3942	  2
3943	  3
3944	  0
3945	  0
3946	  1
3947	  3
3948	  0
3949	  4
3950	  0
3951	  0
3952	  4
3953	  5
3954	  0
3955	  0
3956	  1
3957	  3
3958	  4
3959	  1
3960	  5
3961	  3
3962	  0
3963	  6
3964	  1
3965	  4
3966	  4
3967	  4
3968	  6
3969	  1
3970	  1
3971	  0
3972	  4
3973	  1
3974	  3
3975	  3
3976	  3
3977	  3
3978	  1
3979	  4
3980	  1
3981	  1
3982	  3
3983	  3
3984	  3
3985	  1
3986	  4
3987	  6
3988	  4
3989	  3
3990	  0
3991	  1
3992	  4
3993	  4
3994	  3
3995	  6
3996	  3
3997	  1
3998	  1
3999	  1
4000	  4
4001	  1
4002	  0
4003	  1
4004	  3
4005	  4
4006	  0
4007	  4
4008	  1
4009	  4
4010	  3
4011	  0
4012	  0
4013	  0
4014	  1
4015	  3
4016	  1
4017	  0
4018	  0
4019	  5
4020	  3
4021	  4
4022	  1
4023	  0
4024	  3
4025	  3
4026	  4
4027	  4
4028	  5
4029	  4
4030	  4
4031	  4
4032	  3
4033	  0
4034	  3
4035	  5
4036	  4
4037	  1
4038	  3
4039	  1
4040	  5
4041	  5
4042	  6
4043	  6
4044	  0
4045	  4
4046	  5
4047	  3
4048	  6
4049	  3
4050	  5
4051	  4
4052	  4
4053	  1
4054	  4
4055	  1
4056	  1
4057	  2
4058	  4
4059	  0
4060	  0
4061	  0
4062	  5
4063	  4
4064	  1
4065	  0
4066	  2
4067	  3
4068	  4
4069	  3
4070	  0
4071	  1
4072	  3
4073	  0
4074	  1
4075	  1
4076	  4
4077	  1
4078	  4
4079	  4
4080	  1
4081	  0
4082	  1
4083	  2
4084	  0
4085	  1
4086	  5
4087	  4
4088	  4
4089	  1
4090	  0
4091	  0
4092	  4
4093	  1
4094	  3
4095	  5
4096	  4
4097	  4
4098	  4
4099	  4
4100	  1
4101	  4
4102	  5
4103	  3
4104	  4
4105	  4
4106	  0
4107	  4
4108	  1
4109	  4
4110	  4
4111	  4
4112	  1
4113	  0
4114	  3
4115	  0
4116	  3
4117	  4
4118	  0
4119	  1
4120	  0
4121	  5
4122	  0
4123	  4
4124	  5
4125	  4
4126	  3
4127	  0
4128	  1
4129	  2
4130	  4
4131	  0
4132	  1
4133	  4
4134	  1
4135	  1
4136	  3
4137	  4
4138	  1
4139	  0
4140	  1
4141	  0
4142	  1
4143	  0
4144	  0
4145	  0
4146	  3
4147	  1
4148	  4
4149	  4
4150	  4
4151	  1
4152	  1
4153	  1
4154	  0
4155	  1
4156	  3
4157	  5
4158	  1
4159	  1
4160	  4
4161	  1
4162	  3
4163	  1
4164	  3
4165	  1
4166	  4
4167	  3
4168	  4
4169	  4
4170	  4
4171	  3
4172	  4
4173	  1
4174	  1
4175	  1
4176	  1
4177	  0
4178	  1
4179	  4
4180	  3
4181	  1
4182	  1
4183	  4
4184	  0
4185	  1
4186	  1
4187	  3
4188	  3
4189	  1
4190	  1
4191	  1
4192	  4
4193	  1
4194	  3
4195	  1
4196	  4
4197	  1
4198	  1
4199	  0
4200	  1
4201	  2
4202	  1
4203	  1
4204	  1
4205	  2
4206	  3
4207	  4
4208	  5
4209	  3
4210	  1
4211	  6
4212	  0
4213	  1
4214	  1
4215	  0
4216	  4
4217	  4
4218	  5
4219	  1
4220	  0
4221	  1
4222	  2
4223	  4
4224	  6
4225	  0
4226	  1
4227	  5
4228	  5
4229	  4
4230	  5
4231	  3
4232	  0
4233	  0
4234	  1
4235	  4
4236	  6
4237	  4
4238	  1
4239	  0
4240	  1
4241	  3
4242	  4
4243	  3
4244	  4
4245	  0
4246	  3
4247	  3
4248	  0
4249	  6
4250	  5
4251	  3
4252	  4
4253	  0
4254	  1
4255	  0
4256	  1
4257	  0
4258	  4
4259	  5
4260	  0
4261	  3
4262	  1
4263	  4
4264	  0
4265	  1
4266	  3
4267	  4
4268	  4
4269	  5
4270	  5
4271	  3
4272	  0
4273	  4
4274	  1
4275	  6
4276	  5
4277	  4
4278	  0
4279	  1
4280	  0
4281	  4
4282	  4
4283	  4
4284	  1
4285	  0
4286	  4
4287	  0
4288	  0
4289	  1
4290	  4
4291	  6
4292	  1
4293	  1
4294	  1
4295	  0
4296	  6
4297	  1
4298	  0
4299	  0
4300	  0
4301	  1
4302	  4
4303	  0
4304	  3
4305	  0
4306	  3
4307	  3
4308	  5
4309	  0
4310	  5
4311	  6
4312	  1
4313	  3
4314	  1
4315	  1
4316	  4
4317	  0
4318	  0
4319	  5
4320	  0
4321	  4
4322	  4
4323	  3
4324	  1
4325	  1
4326	  3
4327	  0
4328	  1
4329	  3
4330	  4
4331	  4
4332	  3
4333	  4
4334	  0
4335	  5
4336	  1
4337	  3
4338	  3
4339	  3
4340	  6
4341	  2
4342	  0
4343	  1
4344	  0
4345	  0
4346	  4
4347	  0
4348	  0
4349	  1
4350	  3
4351	  6
4352	  0
4353	  1
4354	  1
4355	  3
4356	  4
4357	  1
4358	  1
4359	  3
4360	  4
4361	  3
4362	  0
4363	  1
4364	  5
4365	  1
4366	  1
4367	  6
4368	  4
4369	  4
4370	  3
4371	  1
4372	  6
4373	  4
4374	  3
4375	  5
4376	  3
4377	  0
4378	  4
4379	  4
4380	  6
4381	  1
4382	  5
4383	  3
4384	  0
4385	  0
4386	  3
4387	  4
4388	  0
4389	  0
4390	  6
4391	  4
4392	  1
4393	  3
4394	  4
4395	  1
4396	  3
4397	  3
4398	  3
4399	  1
4400	  3
4401	  1
4402	  5
4403	  3
4404	  0
4405	  4
4406	  0
4407	  5
4408	  3
4409	  6
4410	  0
4411	  1
4412	  4
4413	  3
4414	  4
4415	  6
4416	  2
4417	  0
4418	  0
4419	  3
4420	  4
4421	  4
4422	  5
4423	  6
4424	  3
4425	  4
4426	  4
4427	  1
4428	  4
4429	  4
4430	  3
4431	  4
4432	  0
4433	  2
4434	  4
4435	  4
4436	  4
4437	  4
4438	  0
4439	  3
4440	  0
4441	  0
4442	  4
4443	  1
4444	  4
4445	  1
4446	  4
4447	  4
4448	  3
4449	  1
4450	  4
4451	  4
4452	  0
4453	  3
4454	  6
4455	  4
4456	  4
4457	  1
4458	  5
4459	  6
4460	  3
4461	  1
4462	  0
4463	  0
4464	  4
4465	  6
4466	  3
4467	  4
4468	  1
4469	  4
4470	  1
4471	  5
4472	  1
4473	  1
4474	  5
4475	  3
4476	  0
4477	  1
4478	  5
4479	  4
4480	  0
4481	  3
4482	  4
4483	  4
4484	  5
4485	  0
4486	  0
4487	  4
4488	  4
4489	  1
4490	  1
4491	  4
4492	  1
4493	  2
4494	  1
4495	  1
4496	  3
4497	  4
4498	  1
4499	  6
4500	  0
4501	  3
4502	  1
4503	  0
4504	  4
4505	  3
4506	  0
4507	  3
4508	  0
4509	  0
4510	  4
4511	  2
4512	  1
4513	  3
4514	  3
4515	  3
4516	  5
4517	  0
4518	  1
4519	  4
4520	  1
4521	  1
4522	  0
4523	  1
4524	  1
4525	  4
4526	  1
4527	  1
4528	  1
4529	  4
4530	  3
4531	  3
4532	  0
4533	  1
4534	  1
4535	  3
4536	  0
4537	  4
4538	  4
4539	  4
4540	  1
4541	  0
4542	  4
4543	  4
4544	  4
4545	  0
4546	  5
4547	  3
4548	  4
4549	  5
4550	  2
4551	  3
4552	  1
4553	  1
4554	  2
4555	  0
4556	  3
4557	  4
4558	  1
4559	  1
4560	  5
4561	  4
4562	  4
4563	  3
4564	  4
4565	  3
4566	  0
4567	  0
4568	  3
4569	  1
4570	  1
4571	  4
4572	  5
4573	  4
4574	  0
4575	  1
4576	  4
4577	  3
4578	  1
4579	  3
4580	  3
4581	  4
4582	  1
4583	  3
4584	  4
4585	  1
4586	  1
4587	  3
4588	  1
4589	  4
4590	  4
4591	  6
4592	  0
4593	  5
4594	  1
4595	  3
4596	  3
4597	  0
4598	  6
4599	  4
4600	  1
4601	  1
4602	  1
4603	  3
4604	  0
4605	  0
4606	  4
4607	  1
4608	  6
4609	  4
4610	  4
4611	  0
4612	  4
4613	  0
4614	  3
4615	  4
4616	  0
4617	  4
4618	  1
4619	  3
4620	  1
4621	  4
4622	  4
4623	  1
4624	  6
4625	  0
4626	  1
4627	  0
4628	  1
4629	  0
4630	  1
4631	  6
4632	  0
4633	  1
4634	  3
4635	  4
4636	  2
4637	  3
4638	  1
4639	  1
4640	  0
4641	  4
4642	  5
4643	  1
4644	  4
4645	  4
4646	  5
4647	  3
4648	  1
4649	  6
4650	  4
4651	  1
4652	  0
4653	  1
4654	  3
4655	  5
4656	  2
4657	  2
4658	  4
4659	  4
4660	  4
4661	  3
4662	  3
4663	  3
4664	  1
4665	  1
4666	  1
4667	  4
4668	  4
4669	  0
4670	  1
4671	  0
4672	  1
4673	  1
4674	  4
4675	  3
4676	  0
4677	  4
4678	  1
4679	  0
4680	  3
4681	  6
4682	  1
4683	  5
4684	  1
4685	  1
4686	  0
4687	  0
4688	  1
4689	  0
4690	  3
4691	  1
4692	  4
4693	  1
4694	  4
4695	  0
4696	  1
4697	  1
4698	  4
4699	  1
4700	  3
4701	  3
4702	  6
4703	  3
4704	  0
4705	  3
4706	  5
4707	  4
4708	  1
4709	  0
4710	  4
4711	  1
4712	  5
4713	  4
4714	  6
4715	  0
4716	  4
4717	  6
4718	  0
4719	  0
4720	  3
4721	  0
4722	  6
4723	  0
4724	  4
4725	  3
4726	  0
4727	  4
4728	  0
4729	  3
4730	  0
4731	  1
4732	  1
4733	  3
4734	  3
4735	  4
4736	  0
4737	  0
4738	  1
4739	  4
4740	  3
4741	  0
4742	  3
4743	  1
4744	  5
4745	  1
4746	  3
4747	  1
4748	  4
4749	  1
4750	  5
4751	  1
4752	  1
4753	  1
4754	  4
4755	  3
4756	  0
4757	  1
4758	  5
4759	  0
4760	  1
4761	  3
4762	  5
4763	  3
4764	  5
4765	  1
4766	  6
4767	  4
4768	  0
4769	  0
4770	  0
4771	  6
4772	  2
4773	  1
4774	  0
4775	  4
4776	  4
4777	  0
4778	  0
4779	  1
4780	  1
4781	  3
4782	  2
4783	  1
4784	  0
4785	  5
4786	  0
4787	  6
4788	  3
