  0	  4
  1	  3
  2	  4
  3	  5
  4	  2
  5	  1
  6	  2
  7	  2
  8	  0
  9	  3
 10	  2
 11	  2
 12	  2
 13	  2
 14	  4
 15	  0
 16	  3
 17	  0
 18	  2
 19	  4
 20	  1
 21	  4
 22	  0
 23	  2
 24	  4
 25	  6
 26	  2
 27	  2
 28	  0
 29	  0
 30	  6
 31	  2
 32	  2
 33	  3
 34	  3
 35	  4
 36	  0
 37	  2
 38	  0
 39	  2
 40	  3
 41	  3
 42	  4
 43	  4
 44	  6
 45	  0
 46	  6
 47	  0
 48	  2
 49	  6
 50	  6
 51	  4
 52	  3
 53	  4
 54	  1
 55	  6
 56	  1
 57	  4
 58	  6
 59	  2
 60	  4
 61	  4
 62	  0
 63	  1
 64	  0
 65	  4
 66	  4
 67	  2
 68	  6
 69	  1
 70	  6
 71	  6
 72	  4
 73	  2
 74	  0
 75	  1
 76	  4
 77	  6
 78	  3
 79	  2
 80	  4
 81	  4
 82	  0
 83	  1
 84	  2
 85	  4
 86	  3
 87	  3
 88	  5
 89	  6
 90	  0
 91	  3
 92	  4
 93	  0
 94	  3
 95	  4
 96	  4
 97	  2
 98	  0
 99	  2
100	  4
101	  6
102	  0
103	  0
104	  4
105	  3
106	  1
107	  3
108	  6
109	  6
110	  2
111	  2
112	  4
113	  3
114	  4
115	  3
116	  1
117	  3
118	  4
119	  2
120	  6
121	  2
122	  4
123	  0
124	  3
125	  0
126	  2
127	  0
128	  0
129	  0
130	  4
131	  4
132	  3
133	  6
134	  3
135	  2
136	  4
137	  4
138	  4
139	  3
140	  2
141	  2
142	  0
143	  0
144	  3
145	  6
146	  3
147	  2
148	  3
149	  6
150	  1
151	  0
152	  2
153	  2
154	  3
155	  4
156	  2
157	  0
158	  4
159	  1
160	  6
161	  3
162	  2
163	  4
164	  3
165	  3
166	  0
167	  3
168	  3
169	  6
170	  0
171	  1
172	  0
173	  3
174	  4
175	  3
176	  6
177	  3
178	  4
179	  2
180	  2
181	  1
182	  2
183	  3
184	  2
185	  5
186	  6
187	  6
188	  4
189	  2
190	  2
191	  4
192	  1
193	  2
194	  2
195	  4
196	  3
197	  5
198	  2
199	  2
200	  6
201	  0
202	  4
203	  2
204	  2
205	  0
206	  3
207	  4
208	  2
209	  0
210	  5
211	  6
212	  0
213	  0
214	  2
215	  3
216	  3
217	  4
218	  2
219	  2
220	  1
221	  4
222	  2
223	  0
224	  1
225	  4
226	  2
227	  3
228	  3
229	  3
230	  4
231	  4
232	  3
233	  4
234	  0
235	  6
236	  3
237	  1
238	  5
239	  2
240	  2
241	  6
242	  2
243	  3
244	  2
245	  2
246	  4
247	  0
248	  1
249	  2
250	  6
251	  3
252	  2
253	  2
254	  4
255	  4
256	  4
257	  1
258	  2
259	  6
260	  3
261	  4
262	  3
263	  3
264	  6
265	  2
266	  6
267	  6
268	  2
269	  0
270	  3
271	  2
272	  6
273	  4
274	  1
275	  0
276	  6
277	  2
278	  0
279	  3
280	  4
281	  3
282	  0
283	  3
284	  1
285	  4
286	  3
287	  3
288	  0
289	  3
290	  3
291	  3
292	  3
293	  4
294	  3
295	  6
296	  3
297	  2
298	  2
299	  1
300	  4
301	  4
302	  6
303	  4
304	  2
305	  6
306	  2
307	  2
308	  2
309	  4
310	  0
311	  3
312	  2
313	  2
314	  3
315	  6
316	  2
317	  3
318	  4
319	  4
320	  3
321	  3
322	  2
323	  2
324	  4
325	  4
326	  4
327	  2
328	  2
329	  3
330	  2
331	  6
332	  4
333	  3
334	  2
335	  3
336	  4
337	  6
338	  3
339	  2
340	  4
341	  4
342	  4
343	  3
344	  6
345	  2
346	  2
347	  3
348	  0
349	  6
350	  6
351	  2
352	  5
353	  5
354	  2
355	  0
356	  6
357	  2
358	  2
359	  3
360	  2
361	  2
362	  6
363	  4
364	  4
365	  4
366	  4
367	  4
368	  2
369	  3
370	  2
371	  2
372	  0
373	  6
374	  3
375	  3
376	  0
377	  1
378	  4
379	  2
380	  6
381	  3
382	  1
383	  6
384	  0
385	  2
386	  4
387	  6
388	  2
389	  5
390	  0
391	  4
392	  1
393	  4
394	  0
395	  2
396	  3
397	  0
398	  6
399	  4
400	  1
401	  4
402	  0
403	  6
404	  3
405	  2
406	  4
407	  2
408	  4
409	  6
410	  2
411	  2
412	  3
413	  2
414	  0
415	  0
416	  2
417	  4
418	  2
419	  3
420	  2
421	  4
422	  2
423	  2
424	  2
425	  6
426	  0
427	  2
428	  4
429	  3
430	  2
431	  4
432	  1
433	  3
434	  1
435	  3
436	  4
437	  1
438	  0
439	  4
440	  6
441	  6
442	  4
443	  4
444	  0
445	  1
446	  2
447	  4
448	  0
449	  4
450	  5
451	  3
452	  2
453	  3
454	  4
455	  0
456	  1
457	  6
458	  4
459	  1
460	  0
461	  2
462	  3
463	  0
464	  5
465	  2
466	  0
467	  4
468	  2
469	  6
470	  2
471	  1
472	  2
473	  0
474	  2
475	  3
476	  1
477	  3
478	  4
479	  2
480	  3
481	  6
482	  6
483	  4
484	  5
485	  4
486	  0
487	  0
488	  3
489	  6
490	  0
491	  6
492	  3
493	  3
494	  4
495	  4
496	  2
497	  3
498	  3
499	  4
500	  6
501	  3
502	  6
503	  2
504	  0
505	  3
506	  3
507	  4
508	  3
509	  2
510	  6
511	  0
512	  3
513	  2
514	  6
515	  3
516	  2
517	  3
518	  1
519	  6
520	  2
521	  2
522	  2
523	  2
524	  4
525	  0
526	  3
527	  6
528	  4
529	  3
530	  6
531	  3
532	  3
533	  2
534	  6
535	  2
536	  4
537	  4
538	  3
539	  1
540	  5
541	  0
542	  1
543	  2
544	  6
545	  6
546	  4
547	  0
548	  3
549	  3
550	  6
551	  0
552	  4
553	  3
554	  0
555	  4
556	  0
557	  6
558	  2
559	  4
560	  2
561	  3
562	  6
563	  2
564	  4
565	  3
566	  3
567	  4
568	  0
569	  1
570	  3
571	  6
572	  0
573	  1
574	  2
575	  3
576	  1
577	  3
578	  2
579	  6
580	  6
581	  2
582	  2
583	  2
584	  6
585	  1
586	  3
587	  2
588	  2
589	  2
590	  0
591	  1
592	  2
593	  1
594	  5
595	  2
596	  0
597	  4
598	  6
599	  2
600	  1
601	  2
602	  1
603	  3
604	  2
605	  0
606	  3
607	  2
608	  2
609	  4
610	  4
611	  2
612	  1
613	  3
614	  2
615	  0
616	  4
617	  3
618	  0
619	  0
620	  6
621	  0
622	  1
623	  2
624	  4
625	  4
626	  6
627	  6
628	  4
629	  3
630	  4
631	  3
632	  6
633	  4
634	  0
635	  0
636	  1
637	  4
638	  4
639	  2
640	  2
641	  0
642	  2
643	  3
644	  3
645	  2
646	  4
647	  1
648	  6
649	  2
650	  3
651	  2
652	  2
653	  4
654	  6
655	  0
656	  2
657	  3
658	  6
659	  3
660	  0
661	  2
662	  5
663	  2
664	  5
665	  4
666	  6
667	  2
668	  3
669	  4
670	  4
671	  0
672	  2
673	  4
674	  4
675	  2
676	  3
677	  3
678	  5
679	  4
680	  0
681	  5
682	  0
683	  2
684	  0
685	  5
686	  0
687	  3
688	  3
689	  4
690	  5
691	  6
692	  0
693	  2
694	  0
695	  4
696	  2
697	  2
698	  2
699	  3
700	  0
701	  6
702	  4
703	  2
704	  2
705	  0
706	  2
707	  4
708	  4
709	  2
710	  0
711	  4
712	  6
713	  1
714	  4
715	  0
716	  4
717	  0
718	  3
719	  1
720	  0
721	  1
722	  2
723	  5
724	  6
725	  6
726	  6
727	  0
728	  3
729	  0
730	  3
731	  4
732	  3
733	  3
734	  2
735	  3
736	  2
737	  6
738	  2
739	  4
740	  2
741	  3
742	  3
743	  2
744	  3
745	  4
746	  6
747	  5
748	  3
749	  0
750	  4
751	  2
752	  2
753	  2
754	  0
755	  6
756	  2
757	  2
758	  3
759	  2
760	  4
761	  2
762	  2
763	  1
764	  2
765	  4
766	  3
767	  3
768	  6
769	  4
770	  2
771	  6
772	  6
773	  4
774	  4
775	  1
776	  3
777	  6
778	  3
779	  3
780	  2
781	  3
782	  2
783	  4
784	  2
785	  3
786	  2
787	  4
788	  6
789	  6
790	  6
791	  4
792	  2
793	  3
794	  0
795	  0
796	  0
797	  6
798	  0
799	  4
800	  0
801	  2
802	  3
803	  6
804	  3
805	  2
806	  2
807	  2
808	  2
809	  4
810	  4
811	  4
812	  4
813	  2
814	  0
815	  4
816	  3
817	  1
818	  0
819	  2
820	  6
821	  3
822	  2
823	  6
824	  3
825	  3
826	  2
827	  2
828	  0
829	  6
830	  3
831	  0
832	  4
833	  2
834	  3
835	  3
836	  0
837	  2
838	  4
839	  0
840	  3
841	  4
842	  6
843	  0
844	  2
845	  6
846	  2
847	  2
848	  0
849	  3
850	  4
851	  6
852	  4
853	  3
854	  5
855	  2
856	  0
857	  0
858	  2
859	  6
860	  4
861	  3
862	  3
863	  3
864	  2
865	  1
866	  3
867	  4
868	  2
869	  0
870	  2
871	  6
872	  1
873	  4
874	  0
875	  2
876	  6
877	  4
878	  3
879	  2
880	  2
881	  2
882	  4
883	  0
884	  2
885	  6
886	  5
887	  2
888	  2
889	  2
890	  4
891	  6
892	  3
893	  3
894	  3
895	  3
896	  4
897	  6
898	  4
899	  2
900	  2
901	  3
902	  6
903	  4
904	  4
905	  2
906	  2
907	  1
908	  0
909	  2
910	  4
911	  3
912	  1
913	  3
914	  0
915	  1
916	  2
917	  3
918	  0
919	  2
920	  3
921	  4
922	  4
923	  3
924	  2
925	  0
926	  2
927	  1
928	  6
929	  3
930	  3
931	  0
932	  2
933	  1
934	  3
935	  3
936	  4
937	  4
938	  3
939	  3
940	  4
941	  4
942	  3
943	  3
944	  3
945	  2
946	  6
947	  0
948	  3
949	  4
950	  3
951	  2
952	  4
953	  4
954	  1
955	  3
956	  1
957	  3
958	  4
959	  0
960	  0
961	  2
962	  2
963	  2
964	  1
965	  2
966	  3
967	  6
968	  4
969	  3
970	  3
971	  2
972	  2
973	  1
974	  0
975	  6
976	  1
977	  0
978	  0
979	  4
980	  4
981	  3
982	  3
983	  4
984	  2
985	  3
986	  4
987	  4
988	  3
989	  3
990	  4
991	  0
992	  5
993	  4
994	  3
995	  0
996	  1
997	  2
998	  6
999	  2
1000	  0
1001	  4
1002	  4
1003	  6
1004	  6
1005	  2
1006	  6
1007	  4
1008	  3
1009	  3
1010	  2
1011	  4
1012	  2
1013	  3
1014	  0
1015	  4
1016	  4
1017	  6
1018	  4
1019	  4
1020	  3
1021	  0
1022	  2
1023	  6
1024	  6
1025	  6
1026	  0
1027	  0
1028	  1
1029	  2
1030	  0
1031	  4
1032	  5
1033	  4
1034	  0
1035	  6
1036	  4
1037	  2
1038	  4
1039	  2
1040	  4
1041	  2
1042	  3
1043	  0
1044	  2
1045	  1
1046	  2
1047	  6
1048	  4
1049	  4
1050	  4
1051	  3
1052	  1
1053	  0
1054	  3
1055	  2
1056	  4
1057	  6
1058	  4
1059	  4
1060	  4
1061	  0
1062	  4
1063	  3
1064	  2
1065	  3
1066	  2
1067	  3
1068	  3
1069	  6
1070	  4
1071	  4
1072	  4
1073	  3
1074	  0
1075	  2
1076	  0
1077	  0
1078	  6
1079	  3
1080	  6
1081	  0
1082	  6
1083	  6
1084	  2
1085	  4
1086	  0
1087	  5
1088	  4
1089	  3
1090	  3
1091	  3
1092	  2
1093	  0
1094	  2
1095	  3
1096	  0
1097	  4
1098	  3
1099	  1
1100	  4
1101	  6
1102	  4
1103	  0
1104	  4
1105	  0
1106	  3
1107	  3
1108	  3
1109	  4
1110	  6
1111	  6
1112	  3
1113	  6
1114	  0
1115	  4
1116	  0
1117	  3
1118	  3
1119	  6
1120	  2
1121	  2
1122	  6
1123	  4
1124	  6
1125	  1
1126	  2
1127	  3
1128	  3
1129	  4
1130	  3
1131	  2
1132	  5
1133	  4
1134	  4
1135	  0
1136	  3
1137	  4
1138	  2
1139	  6
1140	  1
1141	  0
1142	  4
1143	  3
1144	  4
1145	  4
1146	  4
1147	  2
1148	  6
1149	  2
1150	  2
1151	  3
1152	  0
1153	  0
1154	  0
1155	  0
1156	  3
1157	  6
1158	  0
1159	  0
1160	  4
1161	  4
1162	  0
1163	  6
1164	  3
1165	  4
1166	  2
1167	  2
1168	  2
1169	  1
1170	  4
1171	  3
1172	  6
1173	  6
1174	  6
1175	  4
1176	  6
1177	  4
1178	  2
1179	  4
1180	  6
1181	  2
1182	  5
1183	  6
1184	  1
1185	  3
1186	  6
1187	  3
1188	  3
1189	  6
1190	  6
1191	  2
1192	  0
1193	  2
1194	  2
1195	  3
1196	  2
1197	  4
1198	  2
1199	  3
1200	  4
1201	  1
1202	  3
1203	  6
1204	  2
1205	  4
1206	  4
1207	  0
1208	  4
1209	  2
1210	  2
1211	  3
1212	  0
1213	  3
1214	  2
1215	  6
1216	  4
1217	  6
1218	  4
1219	  2
1220	  6
1221	  1
1222	  6
1223	  4
1224	  4
1225	  3
1226	  4
1227	  2
1228	  1
1229	  0
1230	  0
1231	  0
1232	  4
1233	  1
1234	  0
1235	  6
1236	  0
1237	  3
1238	  3
1239	  6
1240	  3
1241	  6
1242	  5
1243	  0
1244	  2
1245	  2
1246	  4
1247	  3
1248	  2
1249	  2
1250	  5
1251	  6
1252	  0
1253	  6
1254	  0
1255	  5
1256	  2
1257	  6
1258	  2
1259	  4
1260	  3
1261	  2
1262	  2
1263	  4
1264	  6
1265	  2
1266	  4
1267	  4
1268	  3
1269	  4
1270	  6
1271	  2
1272	  3
1273	  6
1274	  0
1275	  3
1276	  6
1277	  6
1278	  0
1279	  4
1280	  2
1281	  0
1282	  0
1283	  4
1284	  3
1285	  2
1286	  2
1287	  2
1288	  0
1289	  3
1290	  4
1291	  4
1292	  2
1293	  4
1294	  0
1295	  4
1296	  0
1297	  6
1298	  0
1299	  1
1300	  6
1301	  4
1302	  6
1303	  3
1304	  2
1305	  6
1306	  4
1307	  6
1308	  2
1309	  4
1310	  2
1311	  0
1312	  4
1313	  5
1314	  3
1315	  4
1316	  0
1317	  4
1318	  3
1319	  4
1320	  4
1321	  2
1322	  4
1323	  3
1324	  0
1325	  4
1326	  3
1327	  2
1328	  3
1329	  3
1330	  4
1331	  3
1332	  5
1333	  6
1334	  4
1335	  2
1336	  3
1337	  3
1338	  4
1339	  0
1340	  2
1341	  3
1342	  1
1343	  6
1344	  4
1345	  6
1346	  4
1347	  3
1348	  0
1349	  6
1350	  0
1351	  6
1352	  6
1353	  2
1354	  3
1355	  3
1356	  4
1357	  2
1358	  0
1359	  0
1360	  4
1361	  2
1362	  2
1363	  6
1364	  2
1365	  2
1366	  3
1367	  0
1368	  4
1369	  3
1370	  0
1371	  2
1372	  2
1373	  6
1374	  3
1375	  0
1376	  2
1377	  3
1378	  0
1379	  2
1380	  2
1381	  4
1382	  0
1383	  2
1384	  0
1385	  3
1386	  6
1387	  3
1388	  0
1389	  3
1390	  2
1391	  0
1392	  0
1393	  6
1394	  6
1395	  3
1396	  6
1397	  6
1398	  6
1399	  2
1400	  0
1401	  2
1402	  4
1403	  4
1404	  4
1405	  2
1406	  1
1407	  2
1408	  4
1409	  2
1410	  6
1411	  1
1412	  3
1413	  2
1414	  2
1415	  0
1416	  3
1417	  6
1418	  4
1419	  3
1420	  3
1421	  4
1422	  4
1423	  1
1424	  3
1425	  1
1426	  2
1427	  2
1428	  3
1429	  1
1430	  6
1431	  2
1432	  2
1433	  3
1434	  5
1435	  1
1436	  3
1437	  3
1438	  1
1439	  4
1440	  6
1441	  2
1442	  3
1443	  2
1444	  2
1445	  4
1446	  3
1447	  4
1448	  2
1449	  2
1450	  3
1451	  2
1452	  6
1453	  3
1454	  3
1455	  2
1456	  6
1457	  1
1458	  4
1459	  4
1460	  3
1461	  4
1462	  4
1463	  0
1464	  0
1465	  2
1466	  0
1467	  3
1468	  6
1469	  2
1470	  2
1471	  4
1472	  0
1473	  3
1474	  4
1475	  1
1476	  2
1477	  2
1478	  6
1479	  6
1480	  6
1481	  1
1482	  2
1483	  4
1484	  2
1485	  4
1486	  4
1487	  3
1488	  2
1489	  4
1490	  0
1491	  0
1492	  1
1493	  0
1494	  3
1495	  3
1496	  2
1497	  0
1498	  2
1499	  3
1500	  3
1501	  2
1502	  2
1503	  2
1504	  4
1505	  0
1506	  0
1507	  4
1508	  2
1509	  4
1510	  2
1511	  4
1512	  4
1513	  6
1514	  6
1515	  6
1516	  4
1517	  0
1518	  4
1519	  2
1520	  2
1521	  0
1522	  3
1523	  2
1524	  4
1525	  3
1526	  3
1527	  1
1528	  4
1529	  6
1530	  2
1531	  2
1532	  0
1533	  0
1534	  5
1535	  3
1536	  1
1537	  2
1538	  3
1539	  4
1540	  0
1541	  3
1542	  4
1543	  6
1544	  2
1545	  2
1546	  4
1547	  4
1548	  0
1549	  4
1550	  2
1551	  3
1552	  2
1553	  5
1554	  0
1555	  0
1556	  2
1557	  6
1558	  4
1559	  2
1560	  3
1561	  0
1562	  1
1563	  6
1564	  4
1565	  1
1566	  2
1567	  3
1568	  2
1569	  3
1570	  0
1571	  6
1572	  2
1573	  6
1574	  2
1575	  3
1576	  0
1577	  3
1578	  2
1579	  0
1580	  0
1581	  5
1582	  6
1583	  2
1584	  1
1585	  1
1586	  2
1587	  0
1588	  6
1589	  2
1590	  4
1591	  4
1592	  2
1593	  6
1594	  0
1595	  2
1596	  4
1597	  2
1598	  2
1599	  4
1600	  2
1601	  4
1602	  6
1603	  5
1604	  2
1605	  0
1606	  3
1607	  0
1608	  3
1609	  0
1610	  6
1611	  4
1612	  1
1613	  1
1614	  0
1615	  0
1616	  0
1617	  6
1618	  2
1619	  3
1620	  1
1621	  2
1622	  6
1623	  4
1624	  3
1625	  3
1626	  1
1627	  0
1628	  0
1629	  4
1630	  4
1631	  3
1632	  3
1633	  3
1634	  2
1635	  2
1636	  1
1637	  0
1638	  0
1639	  0
1640	  0
1641	  3
1642	  6
1643	  2
1644	  0
1645	  4
1646	  5
1647	  6
1648	  5
1649	  2
1650	  2
1651	  4
1652	  2
1653	  2
1654	  6
1655	  1
1656	  3
1657	  6
1658	  6
1659	  3
1660	  5
1661	  0
1662	  4
1663	  4
1664	  6
1665	  4
1666	  4
1667	  2
1668	  6
1669	  3
1670	  2
1671	  1
1672	  0
1673	  0
1674	  2
1675	  2
1676	  4
1677	  0
1678	  3
1679	  2
1680	  3
1681	  2
1682	  0
1683	  6
1684	  6
1685	  2
1686	  3
1687	  2
1688	  6
1689	  2
1690	  4
1691	  1
1692	  1
1693	  0
1694	  2
1695	  0
1696	  3
1697	  3
1698	  3
1699	  2
1700	  4
1701	  2
1702	  4
1703	  0
1704	  4
1705	  4
1706	  3
1707	  4
1708	  6
1709	  0
1710	  3
1711	  0
1712	  3
1713	  6
1714	  3
1715	  6
1716	  4
1717	  3
1718	  3
1719	  2
1720	  1
1721	  2
1722	  3
1723	  2
1724	  2
1725	  0
1726	  2
1727	  3
1728	  2
1729	  1
1730	  4
1731	  2
1732	  1
1733	  1
1734	  2
1735	  3
1736	  4
1737	  0
1738	  6
1739	  3
1740	  2
1741	  2
1742	  6
1743	  4
1744	  3
1745	  0
1746	  6
1747	  5
1748	  4
1749	  3
1750	  2
1751	  3
1752	  4
1753	  0
1754	  4
1755	  4
1756	  3
1757	  6
1758	  6
1759	  3
1760	  3
1761	  3
1762	  3
1763	  6
1764	  2
1765	  0
1766	  0
1767	  0
1768	  0
1769	  6
1770	  3
1771	  4
1772	  4
1773	  2
1774	  0
1775	  4
1776	  1
1777	  4
1778	  2
1779	  2
1780	  2
1781	  4
1782	  3
1783	  0
1784	  4
1785	  3
1786	  2
1787	  5
1788	  1
1789	  4
1790	  4
1791	  3
1792	  0
1793	  5
1794	  3
1795	  3
1796	  0
1797	  2
1798	  4
1799	  4
1800	  6
1801	  4
1802	  2
1803	  3
1804	  2
1805	  3
1806	  0
1807	  4
1808	  3
1809	  1
1810	  2
1811	  3
1812	  5
1813	  0
1814	  1
1815	  2
1816	  0
1817	  0
1818	  0
1819	  6
1820	  4
1821	  2
1822	  2
1823	  3
1824	  2
1825	  4
1826	  3
1827	  3
1828	  5
1829	  3
1830	  5
1831	  2
1832	  6
1833	  1
1834	  4
1835	  3
1836	  2
1837	  4
1838	  5
1839	  2
1840	  2
1841	  4
1842	  2
1843	  6
1844	  4
1845	  1
1846	  3
1847	  4
1848	  2
1849	  6
1850	  0
1851	  4
1852	  4
1853	  6
1854	  2
1855	  4
1856	  6
1857	  6
1858	  0
1859	  1
1860	  0
1861	  6
1862	  0
1863	  6
1864	  2
1865	  6
1866	  0
1867	  0
1868	  6
1869	  4
1870	  3
1871	  2
1872	  4
1873	  6
1874	  0
1875	  4
1876	  2
1877	  6
1878	  4
1879	  0
1880	  1
1881	  0
1882	  1
1883	  6
1884	  3
1885	  4
1886	  4
1887	  0
1888	  0
1889	  3
1890	  4
1891	  3
1892	  2
1893	  4
1894	  0
1895	  6
1896	  4
1897	  5
1898	  0
1899	  2
1900	  2
1901	  4
1902	  3
1903	  6
1904	  2
1905	  3
1906	  4
1907	  1
1908	  1
1909	  2
1910	  6
1911	  6
1912	  3
1913	  2
1914	  6
1915	  3
1916	  0
1917	  2
1918	  2
1919	  4
1920	  1
1921	  3
1922	  1
1923	  2
1924	  4
1925	  4
1926	  2
1927	  2
1928	  0
1929	  2
1930	  2
1931	  1
1932	  1
1933	  0
1934	  3
1935	  4
1936	  4
1937	  2
1938	  1
1939	  2
1940	  3
1941	  3
1942	  2
1943	  0
1944	  2
1945	  3
1946	  3
1947	  3
1948	  2
1949	  6
1950	  4
1951	  4
1952	  3
1953	  3
1954	  4
1955	  0
1956	  2
1957	  2
1958	  4
1959	  5
1960	  3
1961	  3
1962	  1
1963	  2
1964	  5
1965	  4
1966	  4
1967	  2
1968	  1
1969	  2
1970	  6
1971	  3
1972	  4
1973	  1
1974	  1
1975	  0
1976	  3
1977	  2
1978	  4
1979	  4
1980	  3
1981	  1
1982	  2
1983	  0
1984	  0
1985	  2
1986	  4
1987	  0
1988	  3
1989	  3
1990	  2
1991	  4
1992	  2
1993	  6
1994	  4
1995	  3
1996	  2
1997	  2
1998	  0
1999	  6
2000	  2
2001	  4
2002	  4
2003	  5
2004	  2
2005	  1
2006	  1
2007	  6
2008	  4
2009	  4
2010	  2
2011	  2
2012	  6
2013	  4
2014	  3
2015	  6
2016	  1
2017	  2
2018	  2
2019	  4
2020	  3
2021	  3
2022	  0
2023	  3
2024	  0
2025	  2
2026	  3
2027	  0
2028	  4
2029	  0
2030	  2
2031	  4
2032	  0
2033	  3
2034	  2
2035	  2
2036	  3
2037	  0
2038	  3
2039	  4
2040	  0
2041	  3
2042	  6
2043	  2
2044	  5
2045	  3
2046	  0
2047	  4
2048	  6
2049	  6
2050	  6
2051	  3
2052	  3
2053	  1
2054	  6
2055	  4
2056	  6
2057	  3
2058	  2
2059	  2
2060	  2
2061	  0
2062	  0
2063	  2
2064	  5
2065	  2
2066	  3
2067	  2
2068	  1
2069	  2
2070	  3
2071	  2
2072	  6
2073	  2
2074	  0
2075	  2
2076	  3
2077	  6
2078	  4
2079	  2
2080	  2
2081	  5
2082	  0
2083	  4
2084	  3
2085	  3
2086	  2
2087	  2
2088	  2
2089	  6
2090	  2
2091	  3
2092	  6
2093	  4
2094	  3
2095	  3
2096	  4
2097	  3
2098	  3
2099	  0
2100	  6
2101	  6
2102	  3
2103	  6
2104	  2
2105	  0
2106	  2
2107	  0
2108	  2
2109	  6
2110	  1
2111	  3
2112	  0
2113	  5
2114	  4
2115	  2
2116	  2
2117	  6
2118	  4
2119	  0
2120	  2
2121	  2
2122	  3
2123	  4
2124	  3
2125	  2
2126	  4
2127	  0
2128	  1
2129	  3
2130	  3
2131	  4
2132	  0
2133	  6
2134	  2
2135	  3
2136	  2
2137	  4
2138	  4
2139	  2
2140	  2
2141	  2
2142	  0
2143	  3
2144	  0
2145	  0
2146	  2
2147	  1
2148	  0
2149	  4
2150	  1
2151	  3
2152	  4
2153	  4
2154	  2
2155	  1
2156	  2
2157	  3
2158	  1
2159	  3
2160	  6
2161	  0
2162	  1
2163	  4
2164	  3
2165	  2
2166	  2
2167	  3
2168	  6
2169	  0
2170	  6
2171	  3
2172	  3
2173	  4
2174	  1
2175	  4
2176	  3
2177	  0
2178	  4
2179	  6
2180	  4
2181	  3
2182	  2
2183	  2
2184	  4
2185	  3
2186	  0
2187	  3
2188	  0
2189	  6
2190	  6
2191	  3
2192	  0
2193	  3
2194	  6
2195	  3
2196	  2
2197	  3
2198	  2
2199	  6
2200	  2
2201	  1
2202	  3
2203	  2
2204	  1
2205	  2
2206	  2
2207	  6
2208	  2
2209	  6
2210	  4
2211	  1
2212	  4
2213	  0
2214	  2
2215	  3
2216	  4
2217	  6
2218	  2
2219	  2
2220	  6
2221	  6
2222	  2
2223	  3
2224	  6
2225	  4
2226	  4
2227	  2
2228	  0
2229	  0
2230	  0
2231	  6
2232	  4
2233	  4
2234	  3
2235	  3
2236	  2
2237	  4
2238	  2
2239	  0
2240	  4
2241	  0
2242	  4
2243	  4
2244	  2
2245	  6
2246	  6
2247	  5
2248	  4
2249	  2
2250	  2
2251	  2
2252	  4
2253	  3
2254	  2
2255	  2
2256	  2
2257	  6
2258	  2
2259	  6
2260	  3
2261	  3
2262	  2
2263	  6
2264	  2
2265	  5
2266	  0
2267	  0
2268	  6
2269	  4
2270	  0
2271	  6
2272	  6
2273	  4
2274	  5
2275	  5
2276	  3
2277	  1
2278	  3
2279	  4
2280	  5
2281	  6
2282	  3
2283	  4
2284	  0
2285	  4
2286	  1
2287	  2
2288	  2
2289	  5
2290	  3
2291	  4
2292	  0
2293	  0
2294	  5
2295	  4
2296	  2
2297	  3
2298	  0
2299	  3
2300	  1
2301	  3
2302	  2
2303	  1
2304	  2
2305	  2
2306	  2
2307	  6
2308	  2
2309	  4
2310	  2
2311	  3
2312	  1
2313	  3
2314	  3
2315	  3
2316	  2
2317	  5
2318	  1
2319	  0
2320	  6
2321	  5
2322	  3
2323	  0
2324	  3
2325	  4
2326	  6
2327	  0
2328	  4
2329	  1
2330	  3
2331	  3
2332	  3
2333	  0
2334	  2
2335	  4
2336	  3
2337	  6
2338	  6
2339	  5
2340	  2
2341	  4
2342	  3
2343	  3
2344	  3
2345	  2
2346	  0
2347	  1
2348	  6
2349	  6
2350	  4
2351	  1
2352	  4
2353	  2
2354	  4
2355	  4
2356	  3
2357	  2
2358	  6
2359	  3
2360	  5
2361	  3
2362	  3
2363	  0
2364	  4
2365	  1
2366	  0
2367	  4
2368	  4
2369	  6
2370	  3
2371	  6
2372	  0
2373	  2
2374	  2
2375	  3
2376	  4
2377	  6
2378	  3
2379	  2
2380	  4
2381	  5
2382	  2
2383	  4
2384	  6
2385	  2
2386	  3
2387	  6
2388	  1
2389	  2
2390	  3
2391	  4
2392	  2
2393	  2
2394	  3
2395	  2
2396	  4
2397	  3
2398	  5
2399	  3
2400	  3
2401	  4
2402	  6
2403	  1
2404	  2
2405	  5
2406	  2
2407	  1
2408	  2
2409	  2
2410	  3
2411	  4
2412	  2
2413	  0
2414	  0
2415	  0
2416	  6
2417	  6
2418	  6
2419	  6
2420	  0
2421	  0
2422	  4
2423	  2
2424	  1
2425	  6
2426	  4
2427	  2
2428	  6
2429	  0
2430	  2
2431	  6
2432	  3
2433	  3
2434	  0
2435	  2
2436	  1
2437	  4
2438	  6
2439	  2
2440	  0
2441	  4
2442	  1
2443	  4
2444	  2
2445	  2
2446	  6
2447	  5
2448	  4
2449	  4
2450	  4
2451	  2
2452	  0
2453	  3
2454	  0
2455	  3
2456	  0
2457	  2
2458	  2
2459	  2
2460	  3
2461	  0
2462	  2
2463	  1
2464	  2
2465	  6
2466	  5
2467	  6
2468	  2
2469	  0
2470	  6
2471	  4
2472	  6
2473	  5
2474	  4
2475	  5
2476	  0
2477	  2
2478	  3
2479	  0
2480	  4
2481	  3
2482	  4
2483	  3
2484	  2
2485	  6
2486	  4
2487	  1
2488	  3
2489	  3
2490	  6
2491	  3
2492	  2
2493	  3
2494	  2
2495	  0
2496	  1
2497	  2
2498	  1
2499	  3
2500	  4
2501	  0
2502	  0
2503	  6
2504	  3
2505	  1
2506	  4
2507	  3
2508	  1
2509	  3
2510	  0
2511	  6
2512	  3
2513	  4
2514	  1
2515	  6
2516	  4
2517	  3
2518	  2
2519	  4
2520	  0
2521	  6
2522	  2
2523	  2
2524	  6
2525	  1
2526	  6
2527	  2
2528	  3
2529	  2
2530	  4
2531	  2
2532	  0
2533	  4
2534	  0
2535	  2
2536	  4
2537	  1
2538	  2
2539	  0
2540	  4
2541	  1
2542	  0
2543	  2
2544	  2
2545	  6
2546	  0
2547	  4
2548	  2
2549	  4
2550	  3
2551	  6
2552	  6
2553	  3
2554	  3
2555	  2
2556	  0
2557	  2
2558	  6
2559	  6
2560	  3
2561	  6
2562	  4
2563	  2
2564	  6
2565	  6
2566	  3
2567	  6
2568	  6
2569	  3
2570	  1
2571	  3
2572	  2
2573	  2
2574	  4
2575	  5
2576	  3
2577	  3
2578	  0
2579	  1
2580	  0
2581	  6
2582	  3
2583	  0
2584	  3
2585	  3
2586	  3
2587	  1
2588	  3
2589	  5
2590	  1
2591	  6
2592	  3
2593	  1
2594	  2
2595	  6
2596	  3
2597	  4
2598	  1
2599	  6
2600	  2
2601	  0
2602	  4
2603	  2
2604	  0
2605	  3
2606	  3
2607	  0
2608	  0
2609	  0
2610	  0
2611	  3
2612	  2
2613	  2
2614	  3
2615	  3
2616	  4
2617	  0
2618	  0
2619	  0
2620	  0
2621	  4
2622	  2
2623	  1
2624	  4
2625	  6
2626	  2
2627	  5
2628	  6
2629	  2
2630	  0
2631	  4
2632	  2
2633	  4
2634	  3
2635	  2
2636	  2
2637	  3
2638	  2
2639	  6
2640	  4
2641	  1
2642	  4
2643	  2
2644	  4
2645	  2
2646	  5
2647	  5
2648	  2
2649	  3
2650	  4
2651	  6
2652	  6
2653	  0
2654	  2
2655	  4
2656	  0
2657	  0
2658	  3
2659	  2
2660	  1
2661	  3
2662	  2
2663	  0
2664	  4
2665	  1
2666	  4
2667	  3
2668	  3
2669	  5
2670	  1
2671	  3
2672	  6
2673	  2
2674	  2
2675	  0
2676	  4
2677	  1
2678	  3
2679	  4
2680	  2
2681	  3
2682	  2
2683	  6
2684	  4
2685	  1
2686	  6
2687	  3
2688	  6
2689	  2
2690	  2
2691	  6
2692	  4
2693	  6
2694	  4
2695	  4
2696	  2
2697	  2
2698	  4
2699	  1
2700	  0
2701	  1
2702	  4
2703	  0
2704	  4
2705	  2
2706	  5
2707	  2
2708	  2
2709	  2
2710	  1
2711	  6
2712	  2
2713	  3
2714	  4
2715	  4
2716	  2
2717	  6
2718	  6
2719	  6
2720	  3
2721	  2
2722	  6
2723	  3
2724	  3
2725	  4
2726	  2
2727	  6
2728	  4
2729	  4
2730	  1
2731	  6
2732	  1
2733	  0
2734	  3
2735	  3
2736	  6
2737	  4
2738	  2
2739	  3
2740	  2
2741	  1
2742	  2
2743	  4
2744	  2
2745	  5
2746	  2
2747	  2
2748	  4
2749	  2
2750	  1
2751	  2
2752	  3
2753	  3
2754	  2
2755	  6
2756	  0
2757	  3
2758	  1
2759	  4
2760	  2
2761	  3
2762	  1
2763	  2
2764	  5
2765	  2
2766	  2
2767	  1
2768	  6
2769	  2
2770	  2
2771	  3
2772	  1
2773	  0
2774	  4
2775	  1
2776	  3
2777	  4
2778	  2
2779	  2
2780	  3
2781	  3
2782	  2
2783	  4
2784	  2
2785	  2
2786	  0
2787	  3
2788	  6
2789	  3
2790	  3
2791	  6
2792	  6
2793	  1
2794	  6
2795	  0
2796	  0
2797	  1
2798	  3
2799	  4
2800	  2
2801	  6
2802	  4
2803	  4
2804	  0
2805	  2
2806	  3
2807	  3
2808	  4
2809	  2
2810	  4
2811	  1
2812	  0
2813	  6
2814	  4
2815	  2
2816	  4
2817	  2
2818	  6
2819	  2
2820	  3
2821	  0
2822	  2
2823	  6
2824	  6
2825	  0
2826	  6
2827	  4
2828	  0
2829	  3
2830	  4
2831	  3
2832	  3
2833	  2
2834	  2
2835	  2
2836	  2
2837	  3
2838	  2
2839	  4
2840	  0
2841	  2
2842	  3
2843	  3
2844	  2
2845	  0
2846	  4
2847	  5
2848	  3
2849	  6
2850	  6
2851	  0
2852	  6
2853	  1
2854	  5
2855	  4
2856	  2
2857	  6
2858	  6
2859	  6
2860	  0
2861	  0
2862	  0
2863	  2
2864	  3
2865	  4
2866	  6
2867	  2
2868	  1
2869	  4
2870	  3
2871	  3
2872	  0
2873	  4
2874	  0
2875	  4
2876	  2
2877	  0
2878	  0
2879	  6
2880	  5
2881	  0
2882	  3
2883	  4
2884	  3
2885	  3
2886	  3
2887	  0
2888	  2
2889	  3
2890	  3
2891	  3
2892	  3
2893	  6
2894	  4
2895	  6
2896	  3
2897	  2
2898	  2
2899	  4
2900	  0
2901	  0
2902	  3
2903	  3
2904	  3
2905	  4
2906	  2
2907	  3
2908	  2
2909	  6
2910	  4
2911	  3
2912	  4
2913	  5
2914	  0
2915	  4
2916	  6
2917	  2
2918	  2
2919	  0
2920	  5
2921	  3
2922	  3
2923	  4
2924	  0
2925	  6
2926	  1
2927	  3
2928	  2
2929	  0
2930	  1
2931	  4
2932	  4
2933	  6
2934	  1
2935	  0
2936	  3
2937	  3
2938	  0
2939	  2
2940	  3
2941	  1
2942	  3
2943	  2
2944	  3
2945	  4
2946	  4
2947	  4
2948	  0
2949	  3
2950	  6
2951	  4
2952	  2
2953	  3
2954	  3
2955	  2
2956	  3
2957	  3
2958	  2
2959	  1
2960	  2
2961	  5
2962	  3
2963	  3
2964	  1
2965	  2
2966	  2
2967	  6
2968	  3
2969	  1
2970	  2
2971	  3
2972	  6
2973	  2
2974	  1
2975	  4
2976	  4
2977	  2
2978	  3
2979	  4
2980	  6
2981	  4
2982	  1
2983	  2
2984	  6
2985	  2
2986	  4
2987	  0
2988	  4
2989	  6
2990	  0
2991	  2
2992	  2
2993	  6
2994	  2
2995	  6
2996	  2
2997	  1
2998	  4
2999	  0
3000	  4
3001	  2
3002	  2
3003	  4
3004	  2
3005	  0
3006	  3
3007	  0
3008	  0
3009	  0
3010	  4
3011	  4
3012	  2
3013	  3
3014	  4
3015	  2
3016	  2
3017	  5
3018	  2
3019	  3
3020	  4
3021	  6
3022	  2
3023	  5
3024	  3
3025	  6
3026	  2
3027	  4
3028	  2
3029	  0
3030	  1
3031	  0
3032	  2
3033	  3
3034	  2
3035	  3
3036	  4
3037	  2
3038	  2
3039	  0
3040	  0
3041	  4
3042	  0
3043	  3
3044	  3
3045	  6
3046	  2
3047	  2
3048	  3
3049	  4
3050	  2
3051	  2
3052	  3
3053	  2
3054	  1
3055	  2
3056	  4
3057	  2
3058	  0
3059	  2
3060	  5
3061	  2
3062	  6
3063	  0
3064	  2
3065	  4
3066	  3
3067	  0
3068	  2
3069	  0
3070	  2
3071	  4
3072	  5
3073	  0
3074	  6
3075	  0
3076	  3
3077	  4
3078	  1
3079	  3
3080	  6
3081	  2
3082	  3
3083	  2
3084	  0
3085	  2
3086	  6
3087	  6
3088	  4
3089	  4
3090	  6
3091	  4
3092	  2
3093	  4
3094	  1
3095	  6
3096	  4
3097	  2
3098	  2
3099	  4
3100	  4
3101	  3
3102	  1
3103	  4
3104	  6
3105	  5
3106	  0
3107	  0
3108	  3
3109	  2
3110	  5
3111	  6
3112	  6
3113	  2
3114	  3
3115	  0
3116	  6
3117	  4
3118	  4
3119	  0
3120	  2
3121	  2
3122	  6
3123	  3
3124	  3
3125	  4
3126	  4
3127	  0
3128	  6
3129	  2
3130	  1
3131	  3
3132	  4
3133	  6
3134	  1
3135	  2
3136	  2
3137	  3
3138	  2
3139	  3
3140	  3
3141	  4
3142	  3
3143	  3
3144	  0
3145	  2
3146	  2
3147	  2
3148	  5
3149	  2
3150	  4
3151	  3
3152	  0
3153	  1
3154	  0
3155	  4
3156	  4
3157	  4
3158	  3
3159	  4
3160	  2
3161	  5
3162	  3
3163	  6
3164	  1
3165	  2
3166	  3
3167	  1
3168	  0
3169	  4
3170	  0
3171	  2
3172	  6
3173	  3
3174	  4
3175	  6
3176	  3
3177	  4
3178	  2
3179	  4
3180	  3
3181	  3
3182	  2
3183	  2
3184	  3
3185	  6
3186	  2
3187	  4
3188	  2
3189	  2
3190	  6
3191	  4
3192	  0
3193	  2
3194	  2
3195	  5
3196	  0
3197	  3
3198	  0
3199	  4
3200	  6
3201	  2
3202	  3
3203	  3
3204	  4
3205	  2
3206	  4
3207	  6
3208	  4
3209	  2
3210	  6
3211	  4
3212	  1
3213	  4
3214	  2
3215	  2
3216	  6
3217	  2
3218	  1
3219	  1
3220	  6
3221	  2
3222	  6
3223	  2
3224	  4
3225	  5
3226	  2
3227	  0
3228	  6
3229	  2
3230	  2
3231	  6
3232	  2
3233	  1
3234	  0
3235	  2
3236	  5
3237	  6
3238	  2
3239	  3
3240	  6
3241	  6
3242	  6
3243	  0
3244	  6
3245	  6
3246	  6
3247	  1
3248	  2
3249	  0
3250	  2
3251	  1
3252	  2
3253	  0
3254	  2
3255	  2
3256	  1
3257	  3
3258	  2
3259	  2
3260	  2
3261	  2
3262	  5
3263	  2
3264	  2
3265	  0
3266	  6
3267	  2
3268	  2
3269	  4
3270	  2
3271	  3
3272	  2
3273	  3
3274	  0
3275	  2
3276	  1
3277	  4
3278	  3
3279	  2
3280	  2
3281	  4
3282	  2
3283	  0
3284	  0
3285	  2
3286	  0
3287	  1
3288	  6
3289	  3
3290	  2
3291	  4
3292	  6
3293	  5
3294	  2
3295	  3
3296	  2
3297	  0
3298	  2
3299	  3
3300	  3
3301	  3
3302	  3
3303	  6
3304	  2
3305	  3
3306	  3
3307	  2
3308	  2
3309	  0
3310	  2
3311	  2
3312	  4
3313	  2
3314	  0
3315	  2
3316	  2
3317	  0
3318	  3
3319	  6
3320	  0
3321	  2
3322	  6
3323	  3
3324	  2
3325	  3
3326	  1
3327	  3
3328	  1
3329	  1
3330	  6
3331	  3
3332	  3
3333	  3
3334	  2
3335	  5
3336	  4
3337	  3
3338	  4
3339	  6
3340	  3
3341	  4
3342	  3
3343	  4
3344	  0
3345	  3
3346	  3
3347	  2
3348	  3
3349	  2
3350	  3
3351	  1
3352	  3
3353	  1
3354	  2
3355	  5
3356	  1
3357	  5
3358	  2
3359	  0
3360	  1
3361	  4
3362	  4
3363	  2
3364	  4
3365	  4
3366	  4
3367	  4
3368	  6
3369	  3
3370	  2
3371	  2
3372	  1
3373	  0
3374	  4
3375	  3
3376	  6
3377	  6
3378	  2
3379	  2
3380	  6
3381	  4
3382	  4
3383	  6
3384	  0
3385	  3
3386	  0
3387	  3
3388	  4
3389	  6
3390	  6
3391	  3
3392	  6
3393	  3
3394	  5
3395	  4
3396	  3
3397	  2
3398	  0
3399	  5
3400	  3
3401	  2
3402	  6
3403	  4
3404	  2
3405	  3
3406	  0
3407	  2
3408	  0
3409	  4
3410	  6
3411	  3
3412	  3
3413	  0
3414	  3
3415	  2
3416	  2
3417	  2
3418	  3
3419	  2
3420	  2
3421	  3
3422	  6
3423	  2
3424	  2
3425	  6
3426	  6
3427	  0
3428	  6
3429	  3
3430	  2
3431	  2
3432	  2
3433	  3
3434	  2
3435	  2
3436	  6
3437	  6
3438	  6
3439	  6
3440	  0
3441	  2
3442	  6
3443	  3
3444	  6
3445	  4
3446	  2
3447	  4
3448	  4
3449	  4
3450	  1
3451	  4
3452	  2
3453	  6
3454	  2
3455	  4
3456	  3
3457	  1
3458	  2
3459	  2
3460	  1
3461	  3
3462	  4
3463	  3
3464	  6
3465	  6
3466	  2
3467	  1
3468	  4
3469	  3
3470	  2
3471	  3
3472	  4
3473	  2
3474	  2
3475	  1
3476	  4
3477	  0
3478	  0
3479	  6
3480	  2
3481	  6
3482	  2
3483	  2
3484	  6
3485	  1
3486	  2
3487	  2
3488	  3
3489	  3
3490	  4
3491	  6
3492	  1
3493	  3
3494	  2
3495	  0
3496	  4
3497	  4
3498	  4
3499	  3
3500	  0
3501	  4
3502	  0
3503	  6
3504	  6
3505	  3
3506	  6
3507	  0
3508	  0
3509	  4
3510	  3
3511	  4
3512	  4
3513	  2
3514	  5
3515	  6
3516	  4
3517	  2
3518	  2
3519	  4
3520	  4
3521	  5
3522	  4
3523	  0
3524	  0
3525	  3
3526	  6
3527	  3
3528	  2
3529	  3
3530	  6
3531	  6
3532	  6
3533	  4
3534	  0
3535	  4
3536	  2
3537	  2
3538	  3
3539	  6
3540	  0
3541	  2
3542	  2
3543	  1
3544	  3
3545	  6
3546	  2
3547	  3
3548	  6
3549	  6
3550	  4
3551	  4
3552	  2
3553	  4
3554	  6
3555	  1
3556	  4
3557	  1
3558	  6
3559	  3
3560	  6
3561	  3
3562	  1
3563	  6
3564	  1
3565	  4
3566	  2
3567	  6
3568	  6
3569	  1
3570	  2
3571	  3
3572	  0
3573	  4
3574	  2
3575	  2
3576	  2
3577	  1
3578	  1
3579	  0
3580	  2
3581	  0
3582	  6
3583	  6
3584	  4
3585	  2
3586	  3
3587	  4
3588	  2
3589	  3
3590	  3
3591	  4
3592	  0
3593	  4
3594	  6
3595	  3
3596	  2
3597	  3
3598	  3
3599	  0
3600	  1
3601	  4
3602	  6
3603	  4
3604	  2
3605	  2
3606	  4
3607	  3
3608	  4
3609	  1
3610	  4
3611	  4
3612	  4
3613	  2
3614	  3
3615	  4
3616	  1
3617	  0
3618	  0
3619	  2
3620	  4
3621	  2
3622	  6
3623	  3
3624	  0
3625	  6
3626	  6
3627	  6
3628	  2
3629	  6
3630	  2
3631	  4
3632	  1
3633	  2
3634	  0
3635	  2
3636	  2
3637	  1
3638	  4
3639	  6
3640	  3
3641	  4
3642	  2
3643	  3
3644	  6
3645	  0
3646	  3
3647	  6
3648	  2
3649	  3
3650	  2
3651	  3
3652	  2
3653	  3
3654	  2
3655	  2
3656	  6
3657	  0
3658	  2
3659	  6
3660	  4
3661	  3
3662	  6
3663	  3
3664	  1
3665	  3
3666	  6
3667	  5
3668	  3
3669	  3
3670	  6
3671	  0
3672	  3
3673	  6
3674	  0
3675	  6
3676	  1
3677	  2
3678	  3
3679	  4
3680	  3
3681	  2
3682	  3
3683	  2
3684	  0
3685	  0
3686	  0
3687	  3
3688	  4
3689	  2
3690	  1
3691	  3
3692	  4
3693	  6
3694	  3
3695	  3
3696	  3
3697	  4
3698	  0
3699	  3
3700	  3
3701	  2
3702	  3
3703	  3
3704	  2
3705	  0
3706	  0
3707	  3
3708	  0
3709	  4
3710	  4
3711	  4
3712	  3
3713	  5
3714	  0
3715	  2
3716	  1
3717	  1
3718	  2
3719	  4
3720	  4
3721	  1
3722	  3
3723	  1
3724	  4
3725	  2
3726	  0
3727	  1
3728	  2
3729	  4
3730	  4
3731	  6
3732	  0
3733	  2
3734	  0
3735	  6
3736	  3
3737	  2
3738	  3
3739	  4
3740	  4
3741	  4
3742	  2
3743	  2
3744	  4
3745	  2
3746	  5
3747	  4
3748	  6
3749	  2
3750	  3
3751	  2
3752	  3
3753	  2
3754	  2
3755	  5
3756	  2
3757	  4
3758	  3
3759	  4
3760	  2
3761	  3
3762	  0
3763	  4
3764	  6
3765	  4
3766	  1
3767	  1
3768	  6
3769	  2
3770	  2
3771	  3
3772	  4
3773	  5
3774	  2
3775	  2
3776	  3
3777	  2
3778	  4
3779	  4
3780	  4
3781	  3
3782	  2
3783	  6
3784	  2
3785	  2
3786	  0
3787	  4
3788	  3
3789	  3
3790	  0
3791	  0
3792	  0
3793	  5
3794	  3
3795	  2
3796	  2
3797	  1
3798	  0
3799	  6
3800	  0
3801	  4
3802	  2
3803	  6
3804	  4
3805	  5
3806	  2
3807	  1
3808	  6
3809	  3
3810	  0
3811	  6
3812	  2
3813	  2
3814	  1
3815	  2
3816	  4
3817	  4
3818	  1
3819	  3
3820	  3
3821	  2
3822	  0
3823	  0
3824	  4
3825	  0
3826	  4
3827	  2
3828	  2
3829	  1
3830	  3
3831	  3
3832	  6
3833	  4
3834	  0
3835	  3
3836	  2
3837	  2
3838	  2
3839	  0
3840	  3
3841	  3
3842	  5
3843	  2
3844	  3
3845	  0
3846	  4
3847	  2
3848	  3
3849	  0
3850	  4
3851	  6
3852	  1
3853	  2
3854	  3
3855	  5
3856	  3
3857	  3
3858	  4
3859	  4
3860	  6
3861	  3
3862	  6
3863	  0
3864	  1
3865	  6
3866	  4
3867	  6
3868	  6
3869	  3
3870	  1
3871	  3
3872	  2
3873	  2
3874	  0
3875	  2
3876	  2
3877	  2
3878	  4
3879	  3
3880	  3
3881	  4
3882	  3
3883	  0
3884	  4
3885	  6
3886	  0
3887	  6
3888	  3
3889	  1
3890	  4
3891	  2
3892	  4
3893	  2
3894	  1
3895	  1
3896	  2
3897	  3
3898	  4
3899	  4
3900	  6
3901	  2
3902	  0
3903	  1
3904	  2
3905	  6
3906	  4
3907	  1
3908	  6
3909	  3
3910	  4
3911	  4
3912	  4
3913	  2
3914	  0
3915	  2
3916	  6
3917	  4
3918	  4
3919	  4
3920	  2
3921	  2
3922	  3
3923	  6
3924	  3
3925	  4
3926	  0
3927	  3
3928	  4
3929	  4
3930	  2
3931	  4
3932	  6
3933	  6
3934	  3
3935	  2
3936	  0
3937	  0
3938	  2
3939	  2
3940	  0
3941	  6
3942	  2
3943	  4
3944	  0
3945	  2
3946	  3
3947	  1
3948	  6
3949	  3
3950	  6
3951	  3
3952	  2
3953	  6
3954	  1
3955	  6
3956	  4
3957	  6
3958	  0
3959	  0
3960	  4
3961	  3
3962	  3
3963	  3
3964	  4
3965	  6
3966	  0
3967	  2
3968	  3
3969	  3
3970	  4
3971	  0
3972	  2
3973	  6
3974	  2
3975	  4
3976	  3
3977	  4
3978	  6
3979	  0
3980	  1
3981	  2
3982	  4
3983	  4
3984	  3
3985	  3
3986	  2
3987	  0
3988	  3
3989	  2
3990	  4
3991	  3
3992	  3
3993	  2
3994	  4
3995	  3
3996	  2
3997	  3
3998	  0
3999	  4
4000	  0
4001	  2
4002	  6
4003	  2
4004	  3
4005	  2
4006	  6
4007	  4
4008	  4
4009	  2
4010	  1
4011	  4
4012	  6
4013	  3
4014	  3
4015	  3
4016	  4
4017	  2
4018	  0
4019	  1
4020	  2
4021	  2
4022	  3
4023	  4
4024	  4
4025	  2
4026	  0
4027	  3
4028	  3
4029	  4
4030	  3
4031	  6
4032	  1
4033	  6
4034	  1
4035	  3
4036	  6
4037	  6
4038	  3
4039	  4
4040	  6
4041	  6
4042	  0
4043	  4
4044	  3
4045	  3
4046	  4
4047	  3
4048	  4
4049	  6
4050	  2
4051	  1
4052	  0
4053	  6
4054	  6
4055	  2
4056	  5
4057	  2
4058	  3
4059	  1
4060	  0
4061	  4
4062	  2
4063	  2
4064	  4
4065	  3
4066	  4
4067	  2
4068	  0
4069	  2
4070	  4
4071	  6
4072	  2
4073	  4
4074	  3
4075	  3
4076	  3
4077	  6
4078	  2
4079	  3
4080	  2
4081	  3
4082	  0
4083	  3
4084	  2
4085	  3
4086	  2
4087	  3
4088	  4
4089	  4
4090	  4
4091	  3
4092	  3
4093	  2
4094	  2
4095	  1
4096	  4
4097	  6
4098	  0
4099	  4
4100	  0
4101	  4
4102	  3
4103	  2
4104	  3
4105	  1
4106	  6
4107	  6
4108	  2
4109	  3
4110	  4
4111	  1
4112	  3
4113	  0
4114	  3
4115	  4
4116	  4
4117	  2
4118	  3
4119	  2
4120	  0
4121	  3
4122	  2
4123	  4
4124	  4
4125	  3
4126	  2
4127	  6
4128	  3
4129	  1
4130	  3
4131	  3
4132	  2
4133	  2
4134	  0
4135	  2
4136	  0
4137	  3
4138	  2
4139	  3
4140	  6
4141	  2
4142	  3
4143	  0
4144	  4
4145	  0
4146	  0
4147	  4
4148	  3
4149	  5
4150	  0
4151	  2
4152	  6
4153	  1
4154	  6
4155	  3
4156	  0
4157	  2
4158	  3
4159	  1
4160	  6
4161	  2
4162	  4
4163	  2
4164	  1
4165	  2
4166	  2
4167	  4
4168	  3
4169	  2
4170	  4
4171	  2
4172	  4
4173	  2
4174	  0
4175	  3
4176	  6
4177	  3
4178	  4
4179	  2
4180	  2
4181	  6
4182	  6
4183	  0
4184	  2
4185	  4
4186	  0
4187	  2
4188	  3
4189	  4
4190	  0
4191	  2
4192	  3
4193	  1
4194	  3
4195	  3
4196	  3
4197	  4
4198	  4
4199	  2
4200	  0
4201	  0
4202	  1
4203	  0
4204	  2
4205	  0
4206	  6
4207	  4
4208	  3
4209	  6
4210	  2
4211	  2
4212	  2
4213	  0
4214	  2
4215	  2
4216	  2
4217	  2
4218	  3
4219	  3
4220	  1
4221	  3
4222	  2
4223	  1
4224	  2
4225	  4
