  0	  1
  1	  5
  2	  2
  3	  0
  4	  5
  5	  6
  6	  3
  7	  0
  8	  1
  9	  4
 10	  0
 11	  0
 12	  0
 13	  0
 14	  2
 15	  6
 16	  1
 17	  0
 18	  0
 19	  5
 20	  0
 21	  0
 22	  2
 23	  2
 24	  6
 25	  0
 26	  3
 27	  0
 28	  4
 29	  2
 30	  2
 31	  6
 32	  5
 33	  0
 34	  1
 35	  1
 36	  0
 37	  5
 38	  4
 39	  0
 40	  2
 41	  1
 42	  1
 43	  2
 44	  4
 45	  2
 46	  1
 47	  0
 48	  0
 49	  5
 50	  2
 51	  4
 52	  5
 53	  2
 54	  1
 55	  4
 56	  5
 57	  4
 58	  4
 59	  2
 60	  4
 61	  2
 62	  2
 63	  4
 64	  4
 65	  5
 66	  0
 67	  2
 68	  0
 69	  1
 70	  5
 71	  4
 72	  4
 73	  2
 74	  0
 75	  4
 76	  5
 77	  4
 78	  4
 79	  1
 80	  5
 81	  4
 82	  2
 83	  6
 84	  5
 85	  2
 86	  2
 87	  6
 88	  1
 89	  1
 90	  5
 91	  5
 92	  4
 93	  5
 94	  1
 95	  2
 96	  1
 97	  1
 98	  4
 99	  0
100	  1
101	  0
102	  2
103	  5
104	  0
105	  0
106	  4
107	  1
108	  2
109	  4
110	  5
111	  1
112	  2
113	  4
114	  0
115	  0
116	  5
117	  1
118	  5
119	  0
120	  2
121	  1
122	  1
123	  0
124	  1
125	  2
126	  0
127	  2
128	  0
129	  2
130	  1
131	  1
132	  0
133	  1
134	  4
135	  1
136	  2
137	  2
138	  1
139	  4
140	  1
141	  2
142	  2
143	  2
144	  2
145	  1
146	  0
147	  6
148	  0
149	  0
150	  1
151	  4
152	  1
153	  2
154	  1
155	  2
156	  5
157	  4
158	  0
159	  0
160	  3
161	  1
162	  6
163	  2
164	  2
165	  0
166	  0
167	  2
168	  5
169	  0
170	  1
171	  0
172	  2
173	  1
174	  1
175	  1
176	  1
177	  1
178	  1
179	  6
180	  4
181	  5
182	  0
183	  6
184	  4
185	  1
186	  5
187	  1
188	  2
189	  1
190	  2
191	  0
192	  0
193	  5
194	  2
195	  1
196	  0
197	  5
198	  0
199	  0
200	  2
201	  0
202	  0
203	  2
204	  5
205	  2
206	  0
207	  0
208	  2
209	  1
210	  1
211	  5
212	  0
213	  0
214	  4
215	  2
216	  3
217	  0
218	  4
219	  4
220	  5
221	  1
222	  4
223	  0
224	  6
225	  4
226	  4
227	  4
228	  5
229	  5
230	  1
231	  1
232	  2
233	  0
234	  0
235	  5
236	  2
237	  0
238	  1
239	  5
240	  0
241	  0
242	  4
243	  1
244	  1
245	  4
246	  4
247	  1
248	  2
249	  2
250	  1
251	  3
252	  5
253	  5
254	  5
255	  0
256	  2
257	  0
258	  6
259	  1
260	  0
261	  5
262	  4
263	  6
264	  5
265	  0
266	  0
267	  4
268	  0
269	  3
270	  0
271	  2
272	  4
273	  6
274	  0
275	  6
276	  5
277	  0
278	  2
279	  4
280	  0
281	  1
282	  1
283	  4
284	  0
285	  2
286	  1
287	  0
288	  4
289	  3
290	  0
291	  2
292	  2
293	  5
294	  4
295	  2
296	  1
297	  1
298	  1
299	  0
300	  1
301	  4
302	  5
303	  5
304	  4
305	  1
306	  1
307	  1
308	  6
309	  1
310	  1
311	  2
312	  1
313	  2
314	  1
315	  0
316	  2
317	  5
318	  2
319	  4
320	  2
321	  2
322	  0
323	  2
324	  0
325	  0
326	  0
327	  2
328	  5
329	  1
330	  0
331	  2
332	  0
333	  1
334	  2
335	  3
336	  2
337	  4
338	  2
339	  2
340	  3
341	  1
342	  1
343	  0
344	  3
345	  0
346	  2
347	  2
348	  2
349	  0
350	  0
351	  1
352	  0
353	  0
354	  2
355	  1
356	  5
357	  1
358	  2
359	  2
360	  1
361	  0
362	  2
363	  2
364	  0
365	  4
366	  4
367	  0
368	  2
369	  1
370	  1
371	  1
372	  2
373	  2
374	  5
375	  6
376	  0
377	  4
378	  1
379	  2
380	  3
381	  0
382	  0
383	  1
384	  5
385	  0
386	  4
387	  2
388	  4
389	  2
390	  2
391	  4
392	  5
393	  0
394	  1
395	  5
396	  2
397	  4
398	  1
399	  2
400	  1
401	  3
402	  1
403	  5
404	  3
405	  5
406	  2
407	  0
408	  4
409	  1
410	  5
411	  0
412	  4
413	  4
414	  6
415	  0
416	  2
417	  4
418	  0
419	  5
420	  4
421	  2
422	  5
423	  5
424	  4
425	  4
426	  2
427	  1
428	  1
429	  2
430	  4
431	  5
432	  2
433	  2
434	  1
435	  5
436	  4
437	  0
438	  2
439	  4
440	  0
441	  0
442	  1
443	  2
444	  0
445	  4
446	  0
447	  2
448	  0
449	  1
450	  3
451	  0
452	  2
453	  0
454	  0
455	  0
456	  2
457	  4
458	  6
459	  0
460	  2
461	  1
462	  0
463	  3
464	  4
465	  6
466	  1
467	  5
468	  1
469	  2
470	  0
471	  5
472	  4
473	  2
474	  4
475	  2
476	  1
477	  6
478	  2
479	  4
480	  5
481	  0
482	  3
483	  4
484	  0
485	  2
486	  5
487	  6
488	  1
489	  3
490	  0
491	  1
492	  2
493	  1
494	  1
495	  4
496	  6
497	  4
498	  5
499	  4
500	  0
501	  1
502	  4
503	  6
504	  5
505	  5
506	  1
507	  2
508	  0
509	  2
510	  0
511	  1
512	  0
513	  1
514	  0
515	  1
516	  2
517	  4
518	  2
519	  0
520	  4
521	  1
522	  2
523	  4
524	  2
525	  6
526	  4
527	  1
528	  5
529	  5
530	  1
531	  1
532	  4
533	  4
534	  1
535	  1
536	  2
537	  2
538	  0
539	  1
540	  1
541	  2
542	  4
543	  2
544	  5
545	  0
546	  1
547	  2
548	  4
549	  2
550	  1
551	  5
552	  0
553	  4
554	  5
555	  4
556	  1
557	  0
558	  6
559	  4
560	  4
561	  3
562	  1
563	  6
564	  1
565	  0
566	  1
567	  5
568	  2
569	  0
570	  0
571	  0
572	  0
573	  0
574	  1
575	  1
576	  1
577	  4
578	  2
579	  5
580	  1
581	  2
582	  1
583	  1
584	  0
585	  1
586	  5
587	  2
588	  0
589	  0
590	  1
591	  5
592	  5
593	  4
594	  5
595	  0
596	  4
597	  2
598	  2
599	  4
600	  1
601	  1
602	  1
603	  2
604	  1
605	  2
606	  5
607	  0
608	  0
609	  4
610	  3
611	  0
612	  0
613	  2
614	  1
615	  4
616	  0
617	  2
618	  1
619	  3
620	  1
621	  2
622	  1
623	  5
624	  5
625	  1
626	  4
627	  5
628	  0
629	  1
630	  5
631	  6
632	  1
633	  2
634	  0
635	  4
636	  0
637	  0
638	  5
639	  4
640	  5
641	  1
642	  0
643	  5
644	  0
645	  4
646	  5
647	  0
648	  5
649	  0
650	  5
651	  5
652	  4
653	  6
654	  1
655	  2
656	  4
657	  0
658	  5
659	  5
660	  1
661	  0
662	  1
663	  1
664	  6
665	  6
666	  0
667	  0
668	  4
669	  1
670	  2
671	  0
672	  5
673	  4
674	  0
675	  2
676	  4
677	  4
678	  2
679	  2
680	  5
681	  3
682	  0
683	  0
684	  2
685	  4
686	  2
687	  2
688	  2
689	  1
690	  2
691	  1
692	  2
693	  4
694	  5
695	  2
696	  0
697	  3
698	  0
699	  2
700	  0
701	  1
702	  1
703	  0
704	  2
705	  2
706	  1
707	  2
708	  2
709	  0
710	  4
711	  0
712	  1
713	  0
714	  5
715	  2
716	  5
717	  4
718	  4
719	  5
720	  1
721	  1
722	  1
723	  1
724	  4
725	  0
726	  5
727	  0
728	  4
729	  5
730	  2
731	  1
732	  5
733	  0
734	  1
735	  2
736	  2
737	  1
738	  0
739	  4
740	  2
741	  2
742	  0
743	  1
744	  1
745	  5
746	  2
747	  1
748	  0
749	  5
750	  1
751	  2
752	  5
753	  1
754	  1
755	  4
756	  2
757	  5
758	  2
759	  1
760	  1
761	  0
762	  2
763	  4
764	  0
765	  5
766	  0
767	  2
768	  1
769	  3
770	  4
771	  4
772	  2
773	  0
774	  0
775	  5
776	  4
777	  3
778	  5
779	  4
780	  0
781	  2
782	  4
783	  2
784	  0
785	  5
786	  2
787	  4
788	  1
789	  5
790	  5
791	  5
792	  5
793	  2
794	  4
795	  4
796	  4
797	  1
798	  1
799	  2
800	  2
801	  5
802	  1
803	  1
804	  0
805	  1
806	  0
807	  0
808	  5
809	  4
810	  5
811	  1
812	  1
813	  0
814	  1
815	  2
816	  0
817	  5
818	  1
819	  4
820	  2
821	  0
822	  0
823	  0
824	  1
825	  4
826	  0
827	  0
828	  1
829	  0
830	  4
831	  0
832	  0
833	  5
834	  0
835	  2
836	  1
837	  1
838	  2
839	  2
840	  5
841	  4
842	  4
843	  2
844	  0
845	  1
846	  1
847	  2
848	  1
849	  1
850	  0
851	  3
852	  1
853	  0
854	  2
855	  4
856	  0
857	  1
858	  0
859	  2
860	  2
861	  4
862	  2
863	  2
864	  1
865	  1
866	  0
867	  2
868	  4
869	  1
870	  0
871	  1
872	  2
873	  1
874	  0
875	  0
876	  0
877	  2
878	  2
879	  2
880	  2
881	  0
882	  0
883	  4
884	  5
885	  1
886	  5
887	  4
888	  2
889	  0
890	  1
891	  0
892	  2
893	  1
894	  1
895	  0
896	  2
897	  1
898	  4
899	  1
900	  4
901	  0
902	  0
903	  1
904	  1
905	  0
906	  4
907	  4
908	  1
909	  2
910	  2
911	  1
912	  0
913	  0
914	  0
915	  5
916	  2
917	  6
918	  1
919	  5
920	  1
921	  2
922	  0
923	  4
924	  4
925	  5
926	  5
927	  1
928	  0
929	  2
930	  4
931	  1
932	  2
933	  1
934	  1
935	  0
936	  5
937	  5
938	  1
939	  5
940	  4
941	  0
942	  1
943	  0
944	  0
945	  5
946	  4
947	  2
948	  4
949	  6
950	  2
951	  4
952	  2
953	  1
954	  3
955	  1
956	  0
957	  0
958	  0
959	  2
960	  0
961	  2
962	  6
963	  5
964	  0
965	  0
966	  0
967	  0
968	  2
969	  1
970	  2
971	  1
972	  4
973	  1
974	  1
975	  0
976	  2
977	  4
978	  0
979	  2
980	  2
981	  2
982	  1
983	  5
984	  2
985	  2
986	  0
987	  0
988	  5
989	  2
990	  4
991	  1
992	  5
993	  1
994	  4
995	  5
996	  0
997	  1
998	  4
999	  3
1000	  0
1001	  1
1002	  4
1003	  2
1004	  1
1005	  2
1006	  4
1007	  5
1008	  5
1009	  4
1010	  1
1011	  1
1012	  4
1013	  0
1014	  1
1015	  5
1016	  1
1017	  1
1018	  2
1019	  2
1020	  1
1021	  1
1022	  4
1023	  2
1024	  1
1025	  1
1026	  1
1027	  0
1028	  4
1029	  5
1030	  1
1031	  6
1032	  1
1033	  4
1034	  1
1035	  6
1036	  2
1037	  5
1038	  4
1039	  2
1040	  2
1041	  5
1042	  1
1043	  5
1044	  5
1045	  3
1046	  4
1047	  2
1048	  4
1049	  0
1050	  0
1051	  0
1052	  5
1053	  1
1054	  6
1055	  0
1056	  1
1057	  2
1058	  2
1059	  1
1060	  1
1061	  2
1062	  0
1063	  5
1064	  4
1065	  2
1066	  1
1067	  1
1068	  4
1069	  4
1070	  2
1071	  1
1072	  1
1073	  2
1074	  2
1075	  3
1076	  1
1077	  2
1078	  4
1079	  1
1080	  1
1081	  4
1082	  4
1083	  5
1084	  2
1085	  6
1086	  1
1087	  5
1088	  0
1089	  2
1090	  0
1091	  2
1092	  4
1093	  2
1094	  0
1095	  4
1096	  6
1097	  2
1098	  1
1099	  1
1100	  2
1101	  0
1102	  0
1103	  0
1104	  1
1105	  0
1106	  0
1107	  4
1108	  2
1109	  2
1110	  1
1111	  5
1112	  2
1113	  2
1114	  1
1115	  5
1116	  1
1117	  6
1118	  0
1119	  4
1120	  4
1121	  4
1122	  4
1123	  4
1124	  0
1125	  1
1126	  2
1127	  5
1128	  0
1129	  1
1130	  4
1131	  4
1132	  4
1133	  5
1134	  2
1135	  5
1136	  2
1137	  5
1138	  6
1139	  1
1140	  4
1141	  0
1142	  5
1143	  5
1144	  0
1145	  4
1146	  2
1147	  2
1148	  2
1149	  1
1150	  5
1151	  1
1152	  1
1153	  0
1154	  2
1155	  0
1156	  2
1157	  4
1158	  4
1159	  2
1160	  2
1161	  1
1162	  2
1163	  2
1164	  1
1165	  3
1166	  0
1167	  6
1168	  1
1169	  4
1170	  2
1171	  2
1172	  0
1173	  1
1174	  0
1175	  4
1176	  2
1177	  2
1178	  1
1179	  4
1180	  4
1181	  0
1182	  4
1183	  0
1184	  1
1185	  5
1186	  6
1187	  2
1188	  1
1189	  1
1190	  1
1191	  0
1192	  5
1193	  4
1194	  2
1195	  1
1196	  5
1197	  2
1198	  0
1199	  2
1200	  1
1201	  2
1202	  1
1203	  1
1204	  5
1205	  4
1206	  0
1207	  2
1208	  6
1209	  2
1210	  4
1211	  1
1212	  1
1213	  1
1214	  2
1215	  6
1216	  1
1217	  1
1218	  2
1219	  0
1220	  2
1221	  4
1222	  2
1223	  5
1224	  0
1225	  4
1226	  1
1227	  2
1228	  1
1229	  5
1230	  0
1231	  5
1232	  4
1233	  0
1234	  1
1235	  1
1236	  4
1237	  0
1238	  0
1239	  0
1240	  5
1241	  4
1242	  2
1243	  0
1244	  1
1245	  2
1246	  2
1247	  2
1248	  0
1249	  6
1250	  4
1251	  0
1252	  0
1253	  1
1254	  4
1255	  4
1256	  4
1257	  1
1258	  2
1259	  0
1260	  2
1261	  3
1262	  5
1263	  1
1264	  4
1265	  1
1266	  2
1267	  2
1268	  2
1269	  2
1270	  0
1271	  1
1272	  2
1273	  1
1274	  2
1275	  4
1276	  2
1277	  2
1278	  4
1279	  4
1280	  5
1281	  2
1282	  2
1283	  2
1284	  5
1285	  2
1286	  5
1287	  1
1288	  4
1289	  1
1290	  1
1291	  2
1292	  4
1293	  1
1294	  0
1295	  1
1296	  0
1297	  0
1298	  1
1299	  0
1300	  0
1301	  4
1302	  0
1303	  1
1304	  6
1305	  2
1306	  5
1307	  5
1308	  1
1309	  1
1310	  0
1311	  2
1312	  2
1313	  4
1314	  2
1315	  2
1316	  0
1317	  0
1318	  1
1319	  1
1320	  4
1321	  6
1322	  0
1323	  2
1324	  2
1325	  4
1326	  2
1327	  5
1328	  0
1329	  3
1330	  2
1331	  5
1332	  2
1333	  3
1334	  0
1335	  2
1336	  3
1337	  1
1338	  2
1339	  5
1340	  1
1341	  4
1342	  4
1343	  5
1344	  4
1345	  4
1346	  4
1347	  1
1348	  1
1349	  4
1350	  3
1351	  1
1352	  4
1353	  5
1354	  1
1355	  0
1356	  0
1357	  2
1358	  1
1359	  5
1360	  0
1361	  2
1362	  5
1363	  4
1364	  4
1365	  1
1366	  5
1367	  0
1368	  4
1369	  5
1370	  3
1371	  2
1372	  1
1373	  0
1374	  0
1375	  0
1376	  2
1377	  2
1378	  0
1379	  2
1380	  0
1381	  1
1382	  4
1383	  4
1384	  6
1385	  0
1386	  1
1387	  2
1388	  4
1389	  2
1390	  1
1391	  1
1392	  2
1393	  1
1394	  4
1395	  2
1396	  1
1397	  0
1398	  3
1399	  5
1400	  0
1401	  4
1402	  1
1403	  3
1404	  2
1405	  2
1406	  0
1407	  4
1408	  4
1409	  5
1410	  4
1411	  4
1412	  1
1413	  4
1414	  0
1415	  4
1416	  2
1417	  6
1418	  1
1419	  0
1420	  2
1421	  2
1422	  4
1423	  5
1424	  2
1425	  0
1426	  4
1427	  2
1428	  6
1429	  1
1430	  2
1431	  4
1432	  1
1433	  2
1434	  2
1435	  2
1436	  0
1437	  2
1438	  1
1439	  4
1440	  2
1441	  1
1442	  0
1443	  1
1444	  1
1445	  1
1446	  3
1447	  5
1448	  4
1449	  2
1450	  1
1451	  0
1452	  1
1453	  1
1454	  4
1455	  0
1456	  1
1457	  2
1458	  4
1459	  2
1460	  4
1461	  2
1462	  1
1463	  1
1464	  2
1465	  4
1466	  4
1467	  1
1468	  5
1469	  0
1470	  1
1471	  2
1472	  1
1473	  4
1474	  0
1475	  6
1476	  1
1477	  4
1478	  2
1479	  5
1480	  0
1481	  2
1482	  0
1483	  0
1484	  0
1485	  1
1486	  1
1487	  2
1488	  4
1489	  2
1490	  4
1491	  0
1492	  0
1493	  4
1494	  3
1495	  4
1496	  1
1497	  4
1498	  0
1499	  1
1500	  4
1501	  0
1502	  3
1503	  5
1504	  2
1505	  5
1506	  4
1507	  2
1508	  6
1509	  1
1510	  1
1511	  4
1512	  1
1513	  1
1514	  0
1515	  1
1516	  4
1517	  2
1518	  4
1519	  1
1520	  6
1521	  2
1522	  6
1523	  4
1524	  4
1525	  2
1526	  0
1527	  1
1528	  0
1529	  2
1530	  2
1531	  2
1532	  0
1533	  5
1534	  2
1535	  5
1536	  2
1537	  6
1538	  5
1539	  4
1540	  5
1541	  4
1542	  0
1543	  0
1544	  0
1545	  4
1546	  1
1547	  4
1548	  5
1549	  2
1550	  2
1551	  1
1552	  1
1553	  0
1554	  5
1555	  1
1556	  5
1557	  0
1558	  5
1559	  1
1560	  5
1561	  5
1562	  4
1563	  5
1564	  0
1565	  5
1566	  5
1567	  1
1568	  5
1569	  1
1570	  3
1571	  3
1572	  1
1573	  1
1574	  6
1575	  2
1576	  4
1577	  0
1578	  1
1579	  0
1580	  2
1581	  5
1582	  5
1583	  2
1584	  1
1585	  2
1586	  0
1587	  1
1588	  0
1589	  2
1590	  6
1591	  2
1592	  1
1593	  1
1594	  2
1595	  4
1596	  5
1597	  2
1598	  2
1599	  1
1600	  2
1601	  2
1602	  4
1603	  1
1604	  0
1605	  0
1606	  1
1607	  1
1608	  4
1609	  0
1610	  0
1611	  2
1612	  5
1613	  4
1614	  1
1615	  2
1616	  0
1617	  0
1618	  3
1619	  0
1620	  2
1621	  4
1622	  2
1623	  5
1624	  3
1625	  0
1626	  2
1627	  0
1628	  2
1629	  0
1630	  1
1631	  1
1632	  0
1633	  2
1634	  1
1635	  6
1636	  4
1637	  5
1638	  4
1639	  1
1640	  3
1641	  1
1642	  2
1643	  1
1644	  5
1645	  5
1646	  1
1647	  1
1648	  0
1649	  2
1650	  5
1651	  2
1652	  3
1653	  4
1654	  4
1655	  2
1656	  0
1657	  4
1658	  0
1659	  6
1660	  2
1661	  2
1662	  4
1663	  1
1664	  4
1665	  2
1666	  0
1667	  5
1668	  0
1669	  2
1670	  1
1671	  2
1672	  2
1673	  1
1674	  1
1675	  5
1676	  4
1677	  0
1678	  5
1679	  6
1680	  5
1681	  4
1682	  1
1683	  5
1684	  1
1685	  5
1686	  0
1687	  3
1688	  5
1689	  1
1690	  4
1691	  4
1692	  2
1693	  1
1694	  2
1695	  4
1696	  3
1697	  0
1698	  0
1699	  4
1700	  2
1701	  4
1702	  2
1703	  0
1704	  1
1705	  2
1706	  6
1707	  1
1708	  6
1709	  5
1710	  4
1711	  4
1712	  0
1713	  1
1714	  1
1715	  1
1716	  2
1717	  2
1718	  6
1719	  5
1720	  2
1721	  4
1722	  2
1723	  0
1724	  1
1725	  1
1726	  1
1727	  0
1728	  2
1729	  0
1730	  1
1731	  1
1732	  4
1733	  3
1734	  2
1735	  0
1736	  5
1737	  2
1738	  0
1739	  5
1740	  3
1741	  5
1742	  0
1743	  4
1744	  4
1745	  5
1746	  5
1747	  4
1748	  5
1749	  2
1750	  2
1751	  4
1752	  0
1753	  3
1754	  4
1755	  5
1756	  2
1757	  5
1758	  5
1759	  3
1760	  2
1761	  6
1762	  4
1763	  5
1764	  6
1765	  5
1766	  3
1767	  0
1768	  2
1769	  1
1770	  1
1771	  4
1772	  2
1773	  5
1774	  3
1775	  5
1776	  5
1777	  4
1778	  0
1779	  3
1780	  4
1781	  2
1782	  0
1783	  1
1784	  0
1785	  0
1786	  4
1787	  1
1788	  1
1789	  1
1790	  4
1791	  4
1792	  2
1793	  2
1794	  1
1795	  1
1796	  1
1797	  0
1798	  0
1799	  5
1800	  4
1801	  1
1802	  1
1803	  1
1804	  2
1805	  3
1806	  0
1807	  4
1808	  0
1809	  5
1810	  2
1811	  5
1812	  5
1813	  0
1814	  4
1815	  5
1816	  0
1817	  0
1818	  3
1819	  1
1820	  4
1821	  1
1822	  1
1823	  1
1824	  1
1825	  6
1826	  1
1827	  2
1828	  2
1829	  4
1830	  0
1831	  2
1832	  2
1833	  0
1834	  4
1835	  1
1836	  0
1837	  5
1838	  4
1839	  5
1840	  0
1841	  4
1842	  3
1843	  1
1844	  0
1845	  1
1846	  5
1847	  1
1848	  2
1849	  4
1850	  0
1851	  1
1852	  0
1853	  4
1854	  0
1855	  2
1856	  5
1857	  5
1858	  0
1859	  4
1860	  1
1861	  1
1862	  1
1863	  5
1864	  2
1865	  2
1866	  2
1867	  2
1868	  1
1869	  5
1870	  2
1871	  1
1872	  1
1873	  1
1874	  4
1875	  1
1876	  4
1877	  1
1878	  1
1879	  5
1880	  5
1881	  0
1882	  1
1883	  0
1884	  2
1885	  4
1886	  5
1887	  1
1888	  5
1889	  1
1890	  2
1891	  0
1892	  5
1893	  5
1894	  0
1895	  0
1896	  4
1897	  2
1898	  4
1899	  1
1900	  0
1901	  6
1902	  3
1903	  0
1904	  4
1905	  2
1906	  1
1907	  1
1908	  4
1909	  5
1910	  4
1911	  1
1912	  0
1913	  1
1914	  2
1915	  2
1916	  2
1917	  3
1918	  3
1919	  1
1920	  2
1921	  4
1922	  1
1923	  1
1924	  1
1925	  1
1926	  2
1927	  0
1928	  1
1929	  4
1930	  5
1931	  4
1932	  4
1933	  2
1934	  5
1935	  1
1936	  4
1937	  2
1938	  5
1939	  4
1940	  2
1941	  0
1942	  0
1943	  2
1944	  1
1945	  1
1946	  4
1947	  4
1948	  0
1949	  5
1950	  5
1951	  0
1952	  3
1953	  0
1954	  1
1955	  6
1956	  5
1957	  5
1958	  1
1959	  5
1960	  1
1961	  1
1962	  0
1963	  4
1964	  2
1965	  0
1966	  1
1967	  2
1968	  2
1969	  2
1970	  1
1971	  0
1972	  1
1973	  4
1974	  2
1975	  1
1976	  1
1977	  0
1978	  0
1979	  1
1980	  5
1981	  1
1982	  5
1983	  0
1984	  4
1985	  1
1986	  2
1987	  2
1988	  5
1989	  0
1990	  4
1991	  2
1992	  2
1993	  4
1994	  1
1995	  5
1996	  1
1997	  1
1998	  5
1999	  0
2000	  1
2001	  5
2002	  4
2003	  1
2004	  0
2005	  0
2006	  2
2007	  5
2008	  5
2009	  0
2010	  0
2011	  2
2012	  0
2013	  4
2014	  2
2015	  5
2016	  1
2017	  4
2018	  0
2019	  4
2020	  4
2021	  2
2022	  2
2023	  4
2024	  0
2025	  2
2026	  5
2027	  2
2028	  5
2029	  2
2030	  5
2031	  4
2032	  6
2033	  2
2034	  1
2035	  2
2036	  0
2037	  4
2038	  0
2039	  0
2040	  1
2041	  4
2042	  1
2043	  5
2044	  2
2045	  3
2046	  1
2047	  2
2048	  0
2049	  3
2050	  4
2051	  2
2052	  5
2053	  1
2054	  5
2055	  4
2056	  1
2057	  2
2058	  4
2059	  1
2060	  4
2061	  1
2062	  2
2063	  6
2064	  2
2065	  1
2066	  4
2067	  4
2068	  5
2069	  1
2070	  0
2071	  0
2072	  2
2073	  1
2074	  4
2075	  0
2076	  1
2077	  4
2078	  3
2079	  3
2080	  5
2081	  6
2082	  5
2083	  2
2084	  4
2085	  1
2086	  6
2087	  0
2088	  4
2089	  1
2090	  4
2091	  0
2092	  0
2093	  2
2094	  5
2095	  1
2096	  5
2097	  0
2098	  2
2099	  2
2100	  0
2101	  2
2102	  0
2103	  0
2104	  5
2105	  0
2106	  1
2107	  4
2108	  0
2109	  2
2110	  4
2111	  0
2112	  2
2113	  2
2114	  0
2115	  1
2116	  1
2117	  5
2118	  0
2119	  1
2120	  1
2121	  1
2122	  3
2123	  5
2124	  4
2125	  2
2126	  0
2127	  5
2128	  1
2129	  6
2130	  1
2131	  4
2132	  1
2133	  5
2134	  0
2135	  0
2136	  2
2137	  5
2138	  1
2139	  1
2140	  5
2141	  5
2142	  0
2143	  5
2144	  5
2145	  2
2146	  5
2147	  2
2148	  0
2149	  5
2150	  0
2151	  2
2152	  1
2153	  2
2154	  4
2155	  5
2156	  6
2157	  4
2158	  1
2159	  5
2160	  5
2161	  4
2162	  1
2163	  5
2164	  0
2165	  4
2166	  0
2167	  2
2168	  1
2169	  1
2170	  1
2171	  2
2172	  1
2173	  2
2174	  2
2175	  6
2176	  2
2177	  2
2178	  2
2179	  2
2180	  4
2181	  0
2182	  2
2183	  0
2184	  4
2185	  4
2186	  2
2187	  2
2188	  4
2189	  5
2190	  0
2191	  5
2192	  5
2193	  2
2194	  2
2195	  2
2196	  0
2197	  5
2198	  0
2199	  1
2200	  0
2201	  2
2202	  1
2203	  4
2204	  5
2205	  0
2206	  0
2207	  2
2208	  0
2209	  1
2210	  1
2211	  4
2212	  1
2213	  0
2214	  1
2215	  1
2216	  2
2217	  0
2218	  0
2219	  0
2220	  4
2221	  5
2222	  0
2223	  2
2224	  1
2225	  1
2226	  1
2227	  2
2228	  6
2229	  4
2230	  1
2231	  4
2232	  2
2233	  5
2234	  5
2235	  1
2236	  4
2237	  2
2238	  4
2239	  2
2240	  0
2241	  1
2242	  1
2243	  1
2244	  6
2245	  4
2246	  0
2247	  4
2248	  5
2249	  5
2250	  4
2251	  1
2252	  5
2253	  0
2254	  5
2255	  4
2256	  4
2257	  6
2258	  2
2259	  1
2260	  0
2261	  5
2262	  2
2263	  0
2264	  1
2265	  0
2266	  3
2267	  5
2268	  0
2269	  1
2270	  5
2271	  4
2272	  0
2273	  0
2274	  1
2275	  2
2276	  0
2277	  0
2278	  5
2279	  4
2280	  2
2281	  1
2282	  1
2283	  0
2284	  0
2285	  0
2286	  0
2287	  0
2288	  1
2289	  0
2290	  4
2291	  4
2292	  1
2293	  1
2294	  1
2295	  2
2296	  2
2297	  1
2298	  2
2299	  5
2300	  0
2301	  5
2302	  0
2303	  1
2304	  2
2305	  4
2306	  5
2307	  5
2308	  1
2309	  4
2310	  5
2311	  4
2312	  0
2313	  5
2314	  4
2315	  4
2316	  1
2317	  2
2318	  1
2319	  2
2320	  1
2321	  2
2322	  2
2323	  4
2324	  1
2325	  1
2326	  1
2327	  2
2328	  4
2329	  2
2330	  0
2331	  1
2332	  0
2333	  0
2334	  2
2335	  0
2336	  0
2337	  0
2338	  1
2339	  2
2340	  1
2341	  1
2342	  2
2343	  5
2344	  5
2345	  0
2346	  2
2347	  5
2348	  1
2349	  2
2350	  5
2351	  0
2352	  4
2353	  0
2354	  1
2355	  5
2356	  1
2357	  1
2358	  5
2359	  2
2360	  5
2361	  0
2362	  1
2363	  2
2364	  4
2365	  4
2366	  1
2367	  1
2368	  2
2369	  5
2370	  2
2371	  1
2372	  4
2373	  2
2374	  2
2375	  1
2376	  0
2377	  0
2378	  2
2379	  4
2380	  1
2381	  1
2382	  0
2383	  4
2384	  1
2385	  1
2386	  1
2387	  0
2388	  4
2389	  1
2390	  0
2391	  6
2392	  1
2393	  0
2394	  1
2395	  0
2396	  5
2397	  0
2398	  1
2399	  0
2400	  0
2401	  1
2402	  0
2403	  0
2404	  3
2405	  2
2406	  0
2407	  4
2408	  2
2409	  5
2410	  2
2411	  1
2412	  2
2413	  3
2414	  1
2415	  2
2416	  2
2417	  0
2418	  0
2419	  0
2420	  2
2421	  6
2422	  3
2423	  0
2424	  1
2425	  2
2426	  2
2427	  0
2428	  5
2429	  1
2430	  1
2431	  4
2432	  1
2433	  2
2434	  6
2435	  2
2436	  1
2437	  1
2438	  0
2439	  2
2440	  0
2441	  1
2442	  2
2443	  5
2444	  4
2445	  0
2446	  5
2447	  0
2448	  0
2449	  4
2450	  4
2451	  5
2452	  2
2453	  0
2454	  5
2455	  2
2456	  0
2457	  2
2458	  0
2459	  1
2460	  0
2461	  2
2462	  0
2463	  2
2464	  0
2465	  6
2466	  3
2467	  4
2468	  1
2469	  4
2470	  2
2471	  5
2472	  0
2473	  0
2474	  1
2475	  5
2476	  4
2477	  4
2478	  2
2479	  2
2480	  4
2481	  1
2482	  4
2483	  5
2484	  5
2485	  1
2486	  5
2487	  1
2488	  2
2489	  5
2490	  1
2491	  1
2492	  2
2493	  1
2494	  2
2495	  5
2496	  2
2497	  2
2498	  5
2499	  4
2500	  2
2501	  4
2502	  5
2503	  4
2504	  0
2505	  1
2506	  3
2507	  0
2508	  1
2509	  0
2510	  5
2511	  1
2512	  0
2513	  6
2514	  4
2515	  0
2516	  0
2517	  5
2518	  5
2519	  0
2520	  2
2521	  5
2522	  2
2523	  0
2524	  1
2525	  6
2526	  5
2527	  3
2528	  1
2529	  1
2530	  1
2531	  1
2532	  0
2533	  5
2534	  0
2535	  1
2536	  1
2537	  0
2538	  1
2539	  5
2540	  5
2541	  1
2542	  4
2543	  1
2544	  2
2545	  4
2546	  1
2547	  2
2548	  5
2549	  1
2550	  1
2551	  4
2552	  1
2553	  4
2554	  0
2555	  2
2556	  1
2557	  4
2558	  4
2559	  5
2560	  3
2561	  0
2562	  1
2563	  1
2564	  1
2565	  5
2566	  1
2567	  0
2568	  1
2569	  2
2570	  2
2571	  0
2572	  5
2573	  2
2574	  0
2575	  5
2576	  1
2577	  5
2578	  4
2579	  4
2580	  1
2581	  5
2582	  4
2583	  1
2584	  2
2585	  5
2586	  4
2587	  2
2588	  2
2589	  2
2590	  1
2591	  2
2592	  2
2593	  6
2594	  5
2595	  1
2596	  4
2597	  1
2598	  4
2599	  5
2600	  2
2601	  5
2602	  0
2603	  0
2604	  5
2605	  2
2606	  0
2607	  6
2608	  1
2609	  6
2610	  4
2611	  0
2612	  0
2613	  1
2614	  2
2615	  0
2616	  2
2617	  1
2618	  0
2619	  0
2620	  5
2621	  1
2622	  5
2623	  2
2624	  6
2625	  1
2626	  5
2627	  1
2628	  4
2629	  2
2630	  5
2631	  2
2632	  5
2633	  0
2634	  0
2635	  5
2636	  5
2637	  0
2638	  4
2639	  5
2640	  0
2641	  4
2642	  1
2643	  1
2644	  2
2645	  1
2646	  4
2647	  2
2648	  1
2649	  4
2650	  0
2651	  0
2652	  5
2653	  4
2654	  2
2655	  4
2656	  0
2657	  4
2658	  0
2659	  4
2660	  1
2661	  1
2662	  0
2663	  1
2664	  0
2665	  0
2666	  4
2667	  4
2668	  5
2669	  0
2670	  4
2671	  4
2672	  0
2673	  4
2674	  0
2675	  2
2676	  4
2677	  6
2678	  4
2679	  2
2680	  4
2681	  0
2682	  4
2683	  5
2684	  4
2685	  1
2686	  1
2687	  0
2688	  6
2689	  0
2690	  3
2691	  0
2692	  1
2693	  1
2694	  0
2695	  6
2696	  5
2697	  5
2698	  0
2699	  4
2700	  5
2701	  2
2702	  1
2703	  0
2704	  0
2705	  2
2706	  2
2707	  2
2708	  5
2709	  5
2710	  1
2711	  0
2712	  1
2713	  1
2714	  2
2715	  2
2716	  1
2717	  2
2718	  3
2719	  1
2720	  2
2721	  0
2722	  5
2723	  4
2724	  1
2725	  6
2726	  4
2727	  4
2728	  0
2729	  1
2730	  5
2731	  1
2732	  5
2733	  0
2734	  5
2735	  1
2736	  2
2737	  1
2738	  1
2739	  2
2740	  1
2741	  1
2742	  2
2743	  1
2744	  5
2745	  1
2746	  1
2747	  4
2748	  1
2749	  5
2750	  5
2751	  2
2752	  1
2753	  2
2754	  1
2755	  2
2756	  4
2757	  0
2758	  0
2759	  5
2760	  2
2761	  0
2762	  5
2763	  2
2764	  0
2765	  1
2766	  5
2767	  2
2768	  0
2769	  4
2770	  2
2771	  4
2772	  5
2773	  2
2774	  1
2775	  0
2776	  1
2777	  5
2778	  4
2779	  0
2780	  5
2781	  4
2782	  2
2783	  1
2784	  2
2785	  2
2786	  2
2787	  4
2788	  1
2789	  0
2790	  0
2791	  4
2792	  1
2793	  1
2794	  2
2795	  0
2796	  4
2797	  4
2798	  1
2799	  2
2800	  0
2801	  1
2802	  2
2803	  6
2804	  0
2805	  0
2806	  4
2807	  1
2808	  0
2809	  2
2810	  0
2811	  1
2812	  5
2813	  1
2814	  5
2815	  0
2816	  2
2817	  5
2818	  4
2819	  5
2820	  1
2821	  1
2822	  5
2823	  4
2824	  1
2825	  4
2826	  1
2827	  1
2828	  1
2829	  5
2830	  1
2831	  5
2832	  1
2833	  4
2834	  4
2835	  6
2836	  1
2837	  0
2838	  2
2839	  1
2840	  2
2841	  4
2842	  4
2843	  0
2844	  6
2845	  0
2846	  5
2847	  0
2848	  2
2849	  1
2850	  1
2851	  1
2852	  0
2853	  1
2854	  1
2855	  0
2856	  0
2857	  1
2858	  3
2859	  0
2860	  1
2861	  2
2862	  1
2863	  0
2864	  5
2865	  1
2866	  3
2867	  2
2868	  2
2869	  5
2870	  6
2871	  4
2872	  1
2873	  0
2874	  5
2875	  4
2876	  6
2877	  2
2878	  2
2879	  5
2880	  2
2881	  1
2882	  0
2883	  3
2884	  2
2885	  1
2886	  5
2887	  0
2888	  2
2889	  5
2890	  0
2891	  0
2892	  0
2893	  2
2894	  1
2895	  2
2896	  5
2897	  5
2898	  4
2899	  0
2900	  1
2901	  2
2902	  5
2903	  2
2904	  2
2905	  4
2906	  0
2907	  2
2908	  1
2909	  1
2910	  2
2911	  1
2912	  1
2913	  0
2914	  4
2915	  2
2916	  0
2917	  2
2918	  1
2919	  1
2920	  3
2921	  5
2922	  5
2923	  1
2924	  2
2925	  0
2926	  0
2927	  1
2928	  2
2929	  5
2930	  1
2931	  4
2932	  0
2933	  0
2934	  1
2935	  5
2936	  2
2937	  2
2938	  5
2939	  2
2940	  1
2941	  0
2942	  4
2943	  4
2944	  0
2945	  0
2946	  1
2947	  2
2948	  2
2949	  2
2950	  2
2951	  0
2952	  5
2953	  0
2954	  1
2955	  5
2956	  0
2957	  4
2958	  2
2959	  0
2960	  5
2961	  0
2962	  0
2963	  5
2964	  5
2965	  2
2966	  0
2967	  1
2968	  2
2969	  5
2970	  0
2971	  2
2972	  2
2973	  0
2974	  0
2975	  1
2976	  0
2977	  4
2978	  1
2979	  1
2980	  1
2981	  2
2982	  0
2983	  4
2984	  2
2985	  0
2986	  5
2987	  4
2988	  5
2989	  1
2990	  1
2991	  1
2992	  2
2993	  2
2994	  5
2995	  1
2996	  5
2997	  5
2998	  4
2999	  0
3000	  0
3001	  2
3002	  5
3003	  0
3004	  0
3005	  2
3006	  2
3007	  5
3008	  0
3009	  1
3010	  1
3011	  0
3012	  4
3013	  4
3014	  1
3015	  1
3016	  3
3017	  2
3018	  3
3019	  0
3020	  1
3021	  5
3022	  2
3023	  5
3024	  6
3025	  5
3026	  0
3027	  3
3028	  0
3029	  5
3030	  3
3031	  2
3032	  0
3033	  2
3034	  1
3035	  0
3036	  0
3037	  1
3038	  1
3039	  4
3040	  0
3041	  0
3042	  1
3043	  1
3044	  0
3045	  2
3046	  0
3047	  6
3048	  5
3049	  5
3050	  4
3051	  1
3052	  1
3053	  1
3054	  1
3055	  2
3056	  4
3057	  5
3058	  4
3059	  5
3060	  1
3061	  3
3062	  2
3063	  0
3064	  0
3065	  4
3066	  2
3067	  4
3068	  0
3069	  1
3070	  1
3071	  0
3072	  2
3073	  5
3074	  4
3075	  2
3076	  2
3077	  0
3078	  4
3079	  0
3080	  1
3081	  0
3082	  0
3083	  5
3084	  1
3085	  4
3086	  2
3087	  4
3088	  4
3089	  4
3090	  2
3091	  0
3092	  3
3093	  1
3094	  4
3095	  1
3096	  4
3097	  0
3098	  5
3099	  1
3100	  0
3101	  0
3102	  1
3103	  0
3104	  2
3105	  4
3106	  0
3107	  2
3108	  1
3109	  1
3110	  2
3111	  4
3112	  0
3113	  5
3114	  1
3115	  4
3116	  2
3117	  0
3118	  1
3119	  3
3120	  5
3121	  5
3122	  2
3123	  1
3124	  0
3125	  4
3126	  6
3127	  4
3128	  1
3129	  3
3130	  4
3131	  2
3132	  6
3133	  0
3134	  0
3135	  1
3136	  5
3137	  4
3138	  2
3139	  5
3140	  2
3141	  1
3142	  1
3143	  1
3144	  0
3145	  4
3146	  0
3147	  2
3148	  0
3149	  5
3150	  4
3151	  3
3152	  5
3153	  4
3154	  1
3155	  4
3156	  1
3157	  1
3158	  1
3159	  1
3160	  0
3161	  4
3162	  1
3163	  1
3164	  1
3165	  2
3166	  0
3167	  2
3168	  1
3169	  5
3170	  2
3171	  4
3172	  4
3173	  4
3174	  1
3175	  1
3176	  1
3177	  2
3178	  0
3179	  4
3180	  5
3181	  2
3182	  2
3183	  4
3184	  2
3185	  5
3186	  1
3187	  4
3188	  2
3189	  0
3190	  0
3191	  5
3192	  3
3193	  1
3194	  1
3195	  2
3196	  4
3197	  2
3198	  5
3199	  1
3200	  0
3201	  5
3202	  2
3203	  3
3204	  2
3205	  2
3206	  5
3207	  4
3208	  1
3209	  1
3210	  0
3211	  4
3212	  1
3213	  5
3214	  1
3215	  0
3216	  1
3217	  2
3218	  2
3219	  2
3220	  0
3221	  1
3222	  4
3223	  4
3224	  2
3225	  3
3226	  1
3227	  1
3228	  0
3229	  1
3230	  1
3231	  2
3232	  5
3233	  2
3234	  5
3235	  1
3236	  1
3237	  0
3238	  0
3239	  2
3240	  2
3241	  1
3242	  5
3243	  5
3244	  1
3245	  2
3246	  5
3247	  3
3248	  2
3249	  1
3250	  2
3251	  0
3252	  3
3253	  1
3254	  5
3255	  1
3256	  0
3257	  4
3258	  4
3259	  0
3260	  0
3261	  0
3262	  2
3263	  0
3264	  2
3265	  4
3266	  2
3267	  4
3268	  2
3269	  0
3270	  0
3271	  5
3272	  2
3273	  0
3274	  4
3275	  0
3276	  0
3277	  5
3278	  5
3279	  2
3280	  4
3281	  5
3282	  0
3283	  6
3284	  0
3285	  2
3286	  2
3287	  1
3288	  1
3289	  4
3290	  4
3291	  4
3292	  2
3293	  2
3294	  5
3295	  0
3296	  1
3297	  2
3298	  4
3299	  0
3300	  0
3301	  5
3302	  2
3303	  4
3304	  2
3305	  0
3306	  4
3307	  0
3308	  5
3309	  1
3310	  0
3311	  0
3312	  2
3313	  0
3314	  4
3315	  5
3316	  4
3317	  1
3318	  3
3319	  0
3320	  1
3321	  0
3322	  1
3323	  2
3324	  0
3325	  0
3326	  1
3327	  4
3328	  5
3329	  4
3330	  1
3331	  1
3332	  5
3333	  4
3334	  0
3335	  5
3336	  1
3337	  2
3338	  0
3339	  0
3340	  1
3341	  4
3342	  5
3343	  5
3344	  5
3345	  3
3346	  0
3347	  0
3348	  0
3349	  5
3350	  0
3351	  1
3352	  5
3353	  5
3354	  2
3355	  4
3356	  4
3357	  4
3358	  0
3359	  1
3360	  1
3361	  0
3362	  2
3363	  5
3364	  0
3365	  0
3366	  1
3367	  1
3368	  4
3369	  2
3370	  0
3371	  1
3372	  0
3373	  1
3374	  0
3375	  2
3376	  2
3377	  0
3378	  2
3379	  2
3380	  2
3381	  0
3382	  4
3383	  5
3384	  4
3385	  2
3386	  0
3387	  0
3388	  2
3389	  2
3390	  1
3391	  1
3392	  2
3393	  4
3394	  5
3395	  1
3396	  1
3397	  2
3398	  5
3399	  6
3400	  4
3401	  4
3402	  0
3403	  1
3404	  4
3405	  2
3406	  2
3407	  4
3408	  5
3409	  2
3410	  0
3411	  1
3412	  2
3413	  3
3414	  1
3415	  1
3416	  2
3417	  2
3418	  1
3419	  4
3420	  0
3421	  5
3422	  4
3423	  0
3424	  2
3425	  2
3426	  1
3427	  2
3428	  0
3429	  1
3430	  0
3431	  4
3432	  1
3433	  5
3434	  4
3435	  1
3436	  0
3437	  0
3438	  0
3439	  5
3440	  5
3441	  5
3442	  1
3443	  1
3444	  4
3445	  5
3446	  1
3447	  2
3448	  5
3449	  2
3450	  1
3451	  0
3452	  2
3453	  5
3454	  6
3455	  1
3456	  4
3457	  5
3458	  5
3459	  1
3460	  5
3461	  4
3462	  1
3463	  2
3464	  4
3465	  1
3466	  4
3467	  2
3468	  1
3469	  3
3470	  6
3471	  4
3472	  2
3473	  0
3474	  5
3475	  1
3476	  1
3477	  5
3478	  0
3479	  1
3480	  2
3481	  2
3482	  0
3483	  0
3484	  5
3485	  0
3486	  3
3487	  4
3488	  2
3489	  1
3490	  0
3491	  0
3492	  2
3493	  5
3494	  1
3495	  1
3496	  1
3497	  4
3498	  4
3499	  3
3500	  2
3501	  4
3502	  1
3503	  2
3504	  2
3505	  0
3506	  2
3507	  0
3508	  2
3509	  2
3510	  0
3511	  4
3512	  5
3513	  5
3514	  2
3515	  0
3516	  0
3517	  4
3518	  0
3519	  1
3520	  4
3521	  4
3522	  2
3523	  0
3524	  0
3525	  0
3526	  4
3527	  5
3528	  1
3529	  2
3530	  0
3531	  1
3532	  2
3533	  0
3534	  0
3535	  0
3536	  0
3537	  0
3538	  5
3539	  4
3540	  5
3541	  5
3542	  0
3543	  4
3544	  0
3545	  1
3546	  0
3547	  2
3548	  4
3549	  2
3550	  2
3551	  2
3552	  5
3553	  1
3554	  0
3555	  1
3556	  5
3557	  2
3558	  3
3559	  0
3560	  6
3561	  5
3562	  2
3563	  4
3564	  0
3565	  2
3566	  5
3567	  4
3568	  1
3569	  0
3570	  2
3571	  0
3572	  5
3573	  0
3574	  5
3575	  0
3576	  5
3577	  4
3578	  2
3579	  5
3580	  5
3581	  6
3582	  2
3583	  5
3584	  2
3585	  1
3586	  0
3587	  1
3588	  1
3589	  0
3590	  1
3591	  2
3592	  1
3593	  0
3594	  2
3595	  0
3596	  2
3597	  0
3598	  1
3599	  1
3600	  3
3601	  0
3602	  4
3603	  5
3604	  4
3605	  1
3606	  0
3607	  0
3608	  4
3609	  2
3610	  5
3611	  2
3612	  0
3613	  1
3614	  0
3615	  0
3616	  1
3617	  1
3618	  1
3619	  0
3620	  2
3621	  4
3622	  1
3623	  0
3624	  5
3625	  0
3626	  0
3627	  0
3628	  2
3629	  0
3630	  5
3631	  4
3632	  0
3633	  5
3634	  6
3635	  0
3636	  1
3637	  1
3638	  4
3639	  1
3640	  0
3641	  4
3642	  1
3643	  0
3644	  1
3645	  5
3646	  6
3647	  1
3648	  5
3649	  5
3650	  5
3651	  2
3652	  1
3653	  6
3654	  1
3655	  1
3656	  2
3657	  6
3658	  2
3659	  1
3660	  0
3661	  1
3662	  2
3663	  1
3664	  2
3665	  4
3666	  1
3667	  1
3668	  0
3669	  1
3670	  1
3671	  0
3672	  1
3673	  5
3674	  1
3675	  5
3676	  0
3677	  3
3678	  5
3679	  5
3680	  6
3681	  2
3682	  1
3683	  1
3684	  2
3685	  2
3686	  4
3687	  2
3688	  2
3689	  4
3690	  2
3691	  5
3692	  0
3693	  1
3694	  6
3695	  5
3696	  5
3697	  5
3698	  4
3699	  4
3700	  1
3701	  4
3702	  2
3703	  2
3704	  3
3705	  5
3706	  0
3707	  4
3708	  5
3709	  2
3710	  2
3711	  0
3712	  4
3713	  1
3714	  4
3715	  1
3716	  4
3717	  2
3718	  4
3719	  1
3720	  4
3721	  1
3722	  5
3723	  6
3724	  2
3725	  1
3726	  5
3727	  5
3728	  1
3729	  5
3730	  1
3731	  0
3732	  0
3733	  2
3734	  0
3735	  1
3736	  4
3737	  0
3738	  1
3739	  4
3740	  4
3741	  1
3742	  1
3743	  1
3744	  5
3745	  6
3746	  0
3747	  0
3748	  0
3749	  5
3750	  4
3751	  5
3752	  0
3753	  1
3754	  2
3755	  0
3756	  0
3757	  2
3758	  4
3759	  1
3760	  2
3761	  2
3762	  1
3763	  2
3764	  0
3765	  0
3766	  0
3767	  0
3768	  0
3769	  1
3770	  0
3771	  0
3772	  2
3773	  4
3774	  4
3775	  2
3776	  1
3777	  5
3778	  4
3779	  6
3780	  1
3781	  4
3782	  2
3783	  0
3784	  4
3785	  5
3786	  2
3787	  1
3788	  4
3789	  5
3790	  2
3791	  5
3792	  2
3793	  0
3794	  1
3795	  5
3796	  2
3797	  5
3798	  3
3799	  4
3800	  1
3801	  2
3802	  1
3803	  1
3804	  1
3805	  0
3806	  5
3807	  2
3808	  2
3809	  1
3810	  0
3811	  1
3812	  3
3813	  4
3814	  0
3815	  0
3816	  5
3817	  3
3818	  4
3819	  0
3820	  1
3821	  4
3822	  0
3823	  2
3824	  0
3825	  5
3826	  4
3827	  5
3828	  0
3829	  5
3830	  1
3831	  4
3832	  2
3833	  1
3834	  5
3835	  1
3836	  0
3837	  6
3838	  4
3839	  2
3840	  2
3841	  2
3842	  6
3843	  1
3844	  1
3845	  0
3846	  4
3847	  4
3848	  4
3849	  1
3850	  2
3851	  1
3852	  2
3853	  4
3854	  4
3855	  2
3856	  4
3857	  2
3858	  0
3859	  5
3860	  2
3861	  2
3862	  0
3863	  1
3864	  2
3865	  2
3866	  4
3867	  6
3868	  2
3869	  4
3870	  4
3871	  1
3872	  4
3873	  1
3874	  0
3875	  1
3876	  4
3877	  4
3878	  0
3879	  2
3880	  4
3881	  2
3882	  4
3883	  0
3884	  0
3885	  0
3886	  1
3887	  4
3888	  1
3889	  0
3890	  0
3891	  5
3892	  4
3893	  2
3894	  1
3895	  0
3896	  1
3897	  1
3898	  2
3899	  2
3900	  5
3901	  2
3902	  2
3903	  0
3904	  4
3905	  0
3906	  4
3907	  5
3908	  2
3909	  1
3910	  1
3911	  1
3912	  5
3913	  5
3914	  5
3915	  6
3916	  0
3917	  4
3918	  5
3919	  4
3920	  5
3921	  2
3922	  5
3923	  2
3924	  2
3925	  1
3926	  2
3927	  1
3928	  4
3929	  3
3930	  0
3931	  0
3932	  0
3933	  5
3934	  4
3935	  1
3936	  5
3937	  2
3938	  4
3939	  2
3940	  0
3941	  1
3942	  2
3943	  0
3944	  1
3945	  1
3946	  0
3947	  4
3948	  2
3949	  4
3950	  1
3951	  0
3952	  1
3953	  3
3954	  0
3955	  1
3956	  5
3957	  2
3958	  2
3959	  4
3960	  0
3961	  0
3962	  5
3963	  1
3964	  4
3965	  5
3966	  2
3967	  2
3968	  0
3969	  0
3970	  1
3971	  2
3972	  5
3973	  4
3974	  2
3975	  2
3976	  5
3977	  4
3978	  1
3979	  0
3980	  2
3981	  1
3982	  0
3983	  2
3984	  0
3985	  2
3986	  2
3987	  0
3988	  4
3989	  0
3990	  5
3991	  0
3992	  4
3993	  5
3994	  2
3995	  4
3996	  0
3997	  1
3998	  3
3999	  2
4000	  0
4001	  1
4002	  2
4003	  4
4004	  1
4005	  4
4006	  0
4007	  1
4008	  5
4009	  1
4010	  0
4011	  1
4012	  0
4013	  0
4014	  0
4015	  4
4016	  4
4017	  0
4018	  0
4019	  2
4020	  1
4021	  1
4022	  1
4023	  5
4024	  1
4025	  4
4026	  5
4027	  1
4028	  1
4029	  0
4030	  1
4031	  2
4032	  4
4033	  4
4034	  2
4035	  4
4036	  2
4037	  4
4038	  0
4039	  4
4040	  2
4041	  1
4042	  1
4043	  4
4044	  4
4045	  2
4046	  1
4047	  2
4048	  4
4049	  1
4050	  0
4051	  1
4052	  1
4053	  4
4054	  1
4055	  1
4056	  1
4057	  1
4058	  5
4059	  1
4060	  4
4061	  1
4062	  2
4063	  1
4064	  1
4065	  0
4066	  1
4067	  3
4068	  1
4069	  1
4070	  4
4071	  3
4072	  4
4073	  2
4074	  4
4075	  1
4076	  5
4077	  0
4078	  1
4079	  1
4080	  0
4081	  2
4082	  2
4083	  5
4084	  1
4085	  0
4086	  1
4087	  3
4088	  2
4089	  5
4090	  0
4091	  1
4092	  5
4093	  5
4094	  0
4095	  4
4096	  0
4097	  1
4098	  2
4099	  6
4100	  0
4101	  1
4102	  0
4103	  1
4104	  2
4105	  2
4106	  4
4107	  0
4108	  0
4109	  4
4110	  4
4111	  0
4112	  5
4113	  5
4114	  6
4115	  0
4116	  0
4117	  1
4118	  0
4119	  1
4120	  5
4121	  2
4122	  5
4123	  0
4124	  4
4125	  1
4126	  2
4127	  0
4128	  1
4129	  4
4130	  2
4131	  2
4132	  5
4133	  5
4134	  4
4135	  0
4136	  2
4137	  1
4138	  6
4139	  5
4140	  0
4141	  0
4142	  1
4143	  0
4144	  2
4145	  2
4146	  2
4147	  1
4148	  0
4149	  2
4150	  0
4151	  0
4152	  1
4153	  0
4154	  6
4155	  1
4156	  1
4157	  4
4158	  5
4159	  1
4160	  0
4161	  0
4162	  0
4163	  4
4164	  0
4165	  0
4166	  4
4167	  5
4168	  2
4169	  4
4170	  5
4171	  0
4172	  5
4173	  5
4174	  1
4175	  4
4176	  1
4177	  4
4178	  0
4179	  0
4180	  0
4181	  5
4182	  0
4183	  0
4184	  2
4185	  1
4186	  1
4187	  1
4188	  1
4189	  0
4190	  1
4191	  4
4192	  4
4193	  2
4194	  0
4195	  5
4196	  1
4197	  4
4198	  2
4199	  2
4200	  6
4201	  3
4202	  1
4203	  0
4204	  0
4205	  2
4206	  0
4207	  1
4208	  4
4209	  5
4210	  0
4211	  1
4212	  4
4213	  2
4214	  4
4215	  4
4216	  2
4217	  4
4218	  1
4219	  0
4220	  4
4221	  5
4222	  1
4223	  1
4224	  5
4225	  2
4226	  2
4227	  1
4228	  1
4229	  6
4230	  2
4231	  4
4232	  5
4233	  4
4234	  0
4235	  2
4236	  4
4237	  5
4238	  1
4239	  5
4240	  1
4241	  0
4242	  0
4243	  4
4244	  0
4245	  0
4246	  0
4247	  5
4248	  2
4249	  1
4250	  1
4251	  2
4252	  1
4253	  4
4254	  4
4255	  4
4256	  4
4257	  4
4258	  5
4259	  2
4260	  0
4261	  0
4262	  0
4263	  5
4264	  1
4265	  6
4266	  0
4267	  1
4268	  2
4269	  2
4270	  0
4271	  6
4272	  3
4273	  0
4274	  1
4275	  2
4276	  4
4277	  5
4278	  6
4279	  2
4280	  4
4281	  2
4282	  1
4283	  2
4284	  2
4285	  0
4286	  3
4287	  0
4288	  4
4289	  2
4290	  5
4291	  2
4292	  0
4293	  0
4294	  2
4295	  1
4296	  2
4297	  1
4298	  2
4299	  0
4300	  4
4301	  1
4302	  0
4303	  2
4304	  0
4305	  4
4306	  5
4307	  2
4308	  2
4309	  1
4310	  5
4311	  6
4312	  4
4313	  4
4314	  0
4315	  0
4316	  5
4317	  4
4318	  0
4319	  1
4320	  2
4321	  1
4322	  5
4323	  1
4324	  1
4325	  5
4326	  4
4327	  0
4328	  1
4329	  5
4330	  2
4331	  0
4332	  4
4333	  4
4334	  4
4335	  5
4336	  0
4337	  2
4338	  0
4339	  4
4340	  1
4341	  4
4342	  2
4343	  1
4344	  3
4345	  1
4346	  4
4347	  2
4348	  4
4349	  1
4350	  5
4351	  0
4352	  1
4353	  1
4354	  0
4355	  2
4356	  4
4357	  0
4358	  1
4359	  2
4360	  0
4361	  0
4362	  3
4363	  1
4364	  2
4365	  1
4366	  4
4367	  5
4368	  0
4369	  4
4370	  2
4371	  1
4372	  1
4373	  0
4374	  4
4375	  1
4376	  2
4377	  4
4378	  1
4379	  1
4380	  2
4381	  2
4382	  1
4383	  0
4384	  1
4385	  1
4386	  4
4387	  0
4388	  0
4389	  2
4390	  2
4391	  1
4392	  0
4393	  2
4394	  2
4395	  0
4396	  5
4397	  2
4398	  2
4399	  5
4400	  3
4401	  4
4402	  1
4403	  1
4404	  3
4405	  0
4406	  2
4407	  2
4408	  1
4409	  1
4410	  5
4411	  0
4412	  2
4413	  4
4414	  2
4415	  2
4416	  0
4417	  1
4418	  1
4419	  1
4420	  2
4421	  5
4422	  4
4423	  5
4424	  1
4425	  4
4426	  1
4427	  1
4428	  2
4429	  4
4430	  2
4431	  4
4432	  4
4433	  2
4434	  1
4435	  1
4436	  4
4437	  1
4438	  2
4439	  4
4440	  6
4441	  0
4442	  5
4443	  4
4444	  4
4445	  2
4446	  0
4447	  6
4448	  4
4449	  4
4450	  1
4451	  4
4452	  4
4453	  0
4454	  0
4455	  1
4456	  6
4457	  2
4458	  2
4459	  0
4460	  0
4461	  2
4462	  2
4463	  0
4464	  0
4465	  1
4466	  4
4467	  1
4468	  2
4469	  0
4470	  1
4471	  6
4472	  0
4473	  1
4474	  1
4475	  0
4476	  1
4477	  5
4478	  5
4479	  1
4480	  2
4481	  0
4482	  3
4483	  2
4484	  1
4485	  1
4486	  5
4487	  2
4488	  5
4489	  1
4490	  2
4491	  4
4492	  5
4493	  2
4494	  1
4495	  6
4496	  2
4497	  1
4498	  5
4499	  1
4500	  2
4501	  5
4502	  3
4503	  6
4504	  2
4505	  2
4506	  2
4507	  1
4508	  4
4509	  1
4510	  1
4511	  4
4512	  1
4513	  2
4514	  2
4515	  0
4516	  1
4517	  5
4518	  4
4519	  1
4520	  2
4521	  2
4522	  0
4523	  2
4524	  1
4525	  0
4526	  4
4527	  6
4528	  5
4529	  1
4530	  5
4531	  1
4532	  1
4533	  0
4534	  0
4535	  4
4536	  0
4537	  4
4538	  1
4539	  0
4540	  1
4541	  0
4542	  0
4543	  1
4544	  1
4545	  2
4546	  1
4547	  2
4548	  1
4549	  6
4550	  4
4551	  0
4552	  1
4553	  5
4554	  2
4555	  1
4556	  2
4557	  1
4558	  5
4559	  2
4560	  6
4561	  0
4562	  2
4563	  6
4564	  0
4565	  0
4566	  1
4567	  0
4568	  6
4569	  0
4570	  2
4571	  1
4572	  0
4573	  2
4574	  0
4575	  0
4576	  4
4577	  1
4578	  1
4579	  1
4580	  2
4581	  5
4582	  0
4583	  1
4584	  0
4585	  4
4586	  0
4587	  2
4588	  1
4589	  5
4590	  1
4591	  2
4592	  4
4593	  0
4594	  1
4595	  5
4596	  1
4597	  1
4598	  1
4599	  0
4600	  4
4601	  0
4602	  1
4603	  5
4604	  0
4605	  1
4606	  4
4607	  5
4608	  4
4609	  5
4610	  1
4611	  6
4612	  2
4613	  0
4614	  0
4615	  0
4616	  6
4617	  3
4618	  1
4619	  0
4620	  2
4621	  0
4622	  0
4623	  0
4624	  1
4625	  1
4626	  1
4627	  3
4628	  1
4629	  5
4630	  5
4631	  0
4632	  6
4633	  2
