  0	  1
  1	  2
  2	  0
  3	  1
  4	  1
  5	  2
  6	  0
  7	  4
  8	  1
  9	  1
 10	  2
 11	  3
 12	  1
 13	  0
 14	  0
 15	  1
 16	  0
 17	  3
 18	  3
 19	  0
 20	  0
 21	  3
 22	  0
 23	  2
 24	  1
 25	  1
 26	  0
 27	  4
 28	  4
 29	  0
 30	  2
 31	  3
 32	  3
 33	  4
 34	  4
 35	  0
 36	  0
 37	  2
 38	  4
 39	  1
 40	  1
 41	  1
 42	  0
 43	  0
 44	  2
 45	  4
 46	  2
 47	  3
 48	  2
 49	  2
 50	  0
 51	  4
 52	  4
 53	  2
 54	  1
 55	  0
 56	  0
 57	  1
 58	  0
 59	  0
 60	  0
 61	  0
 62	  2
 63	  0
 64	  0
 65	  0
 66	  2
 67	  1
 68	  3
 69	  1
 70	  2
 71	  4
 72	  1
 73	  0
 74	  2
 75	  4
 76	  1
 77	  1
 78	  0
 79	  0
 80	  2
 81	  3
 82	  1
 83	  0
 84	  1
 85	  4
 86	  4
 87	  2
 88	  3
 89	  1
 90	  0
 91	  4
 92	  0
 93	  4
 94	  1
 95	  4
 96	  0
 97	  3
 98	  0
 99	  3
100	  0
101	  1
102	  2
103	  4
104	  4
105	  0
106	  0
107	  3
108	  4
109	  2
110	  2
111	  2
112	  2
113	  1
114	  0
115	  1
116	  0
117	  1
118	  0
119	  3
120	  1
121	  2
122	  0
123	  0
124	  4
125	  2
126	  0
127	  4
128	  4
129	  0
130	  0
131	  4
132	  1
133	  0
134	  0
135	  0
136	  0
137	  0
138	  4
139	  3
140	  0
141	  0
142	  1
143	  1
144	  1
145	  1
146	  1
147	  2
148	  3
149	  4
150	  3
151	  3
152	  1
153	  2
154	  0
155	  3
156	  0
157	  0
158	  3
159	  2
160	  1
161	  2
162	  0
163	  1
164	  4
165	  4
166	  4
167	  1
168	  1
169	  2
170	  4
171	  2
172	  4
173	  1
174	  4
175	  1
176	  1
177	  0
178	  1
179	  3
180	  4
181	  1
182	  2
183	  3
184	  2
185	  2
186	  0
187	  2
188	  2
189	  0
190	  3
191	  1
192	  2
193	  0
194	  1
195	  4
196	  3
197	  2
198	  2
199	  0
200	  0
201	  3
202	  0
203	  0
204	  1
205	  0
206	  1
207	  0
208	  3
209	  2
210	  4
211	  0
212	  1
213	  4
214	  4
215	  3
216	  2
217	  0
218	  1
219	  4
220	  1
221	  0
222	  2
223	  1
224	  1
225	  4
226	  0
227	  0
228	  4
229	  0
230	  0
231	  1
232	  4
233	  2
234	  3
235	  2
236	  3
237	  2
238	  0
239	  1
240	  3
241	  3
242	  2
243	  2
244	  2
245	  0
246	  4
247	  2
248	  0
249	  2
250	  2
251	  1
252	  0
253	  1
254	  4
255	  1
256	  4
257	  2
258	  1
259	  3
260	  0
261	  1
262	  1
263	  1
264	  0
265	  2
266	  0
267	  1
268	  4
269	  4
270	  4
271	  4
272	  0
273	  1
274	  4
275	  2
276	  0
277	  0
278	  1
279	  4
280	  2
281	  1
282	  4
283	  4
284	  0
285	  4
286	  2
287	  4
288	  3
289	  1
290	  2
291	  0
292	  4
293	  2
294	  0
295	  2
296	  2
297	  4
298	  1
299	  0
300	  1
301	  4
302	  4
303	  3
304	  4
305	  2
306	  2
307	  2
308	  0
309	  0
310	  4
311	  2
312	  0
313	  0
314	  0
315	  2
316	  3
317	  4
318	  2
319	  0
320	  1
321	  4
322	  0
323	  2
324	  0
325	  0
326	  0
327	  1
328	  1
329	  1
330	  2
331	  4
332	  1
333	  1
334	  2
335	  2
336	  3
337	  3
338	  4
339	  2
340	  3
341	  0
342	  3
343	  2
344	  0
345	  4
346	  0
347	  0
348	  4
349	  2
350	  3
351	  4
352	  1
353	  1
354	  4
355	  2
356	  1
357	  1
358	  2
359	  0
360	  3
361	  0
362	  2
363	  1
364	  4
365	  3
366	  2
367	  0
368	  2
369	  1
370	  1
371	  3
372	  0
373	  0
374	  2
375	  2
376	  0
377	  4
378	  0
379	  4
380	  4
381	  1
382	  4
383	  3
384	  0
385	  0
386	  2
387	  1
388	  4
389	  0
390	  2
391	  2
392	  1
393	  1
394	  0
395	  0
396	  1
397	  0
398	  4
399	  3
400	  0
401	  3
402	  3
403	  3
404	  2
405	  0
406	  1
407	  2
408	  0
409	  0
410	  4
411	  1
412	  1
413	  4
414	  0
415	  1
416	  1
417	  4
418	  4
419	  0
420	  3
421	  2
422	  4
423	  0
424	  0
425	  2
426	  1
427	  3
428	  1
429	  0
430	  4
431	  1
432	  2
433	  4
434	  3
435	  0
436	  2
437	  4
438	  0
439	  2
440	  2
441	  1
442	  4
443	  3
444	  2
445	  0
446	  2
447	  1
448	  0
449	  1
450	  0
451	  0
452	  1
453	  2
454	  2
455	  0
456	  3
457	  4
458	  0
459	  1
460	  0
461	  4
462	  1
463	  0
464	  1
465	  1
466	  4
467	  0
468	  0
469	  3
470	  4
471	  4
472	  1
473	  1
474	  2
475	  3
476	  4
477	  1
478	  0
479	  1
480	  1
481	  1
482	  0
483	  1
484	  1
485	  2
486	  1
487	  1
488	  4
489	  1
490	  4
491	  1
492	  1
493	  2
494	  3
495	  2
496	  1
497	  0
498	  4
499	  4
500	  4
501	  1
502	  0
503	  1
504	  4
505	  2
506	  1
507	  1
508	  1
509	  1
510	  2
511	  1
512	  0
513	  0
514	  1
515	  3
516	  3
517	  4
518	  3
519	  1
520	  1
521	  2
522	  0
523	  4
524	  1
525	  0
526	  1
527	  0
528	  0
529	  1
530	  0
531	  0
532	  0
533	  0
534	  1
535	  2
536	  0
537	  1
538	  4
539	  2
540	  3
541	  0
542	  4
543	  4
544	  0
545	  4
546	  2
547	  1
548	  0
549	  1
550	  3
551	  1
552	  2
553	  2
554	  4
555	  1
556	  2
557	  1
558	  3
559	  3
560	  2
561	  2
562	  4
563	  3
564	  3
565	  4
566	  1
567	  3
568	  2
569	  3
570	  4
571	  2
572	  4
573	  0
574	  1
575	  2
576	  1
577	  4
578	  2
579	  4
580	  1
581	  2
582	  2
583	  3
584	  0
585	  0
586	  0
587	  3
588	  1
589	  4
590	  3
591	  0
592	  0
593	  0
594	  0
595	  2
596	  0
597	  3
598	  3
599	  0
600	  4
601	  2
602	  2
603	  0
604	  1
605	  0
606	  4
607	  2
608	  0
609	  0
610	  0
611	  2
612	  0
613	  0
614	  1
615	  1
616	  3
617	  1
618	  4
619	  2
620	  0
621	  0
622	  2
623	  3
624	  1
625	  1
626	  0
627	  1
628	  4
629	  3
630	  1
631	  1
632	  4
633	  2
634	  3
635	  1
636	  2
637	  0
638	  1
639	  2
640	  4
641	  0
642	  0
643	  3
644	  0
645	  0
646	  1
647	  4
648	  1
649	  3
650	  0
651	  4
652	  3
653	  4
654	  4
655	  0
656	  3
657	  4
658	  1
659	  4
660	  4
661	  3
662	  1
663	  0
664	  0
665	  2
666	  0
667	  1
668	  0
669	  3
670	  1
671	  4
672	  4
673	  1
674	  0
675	  4
676	  0
677	  0
678	  1
679	  4
680	  0
681	  2
682	  0
683	  0
684	  0
685	  4
686	  1
687	  3
688	  0
689	  2
690	  3
691	  3
692	  2
693	  1
694	  2
695	  0
696	  4
697	  0
698	  1
699	  0
700	  4
701	  1
702	  2
703	  4
704	  3
705	  2
706	  2
707	  0
708	  2
709	  4
710	  4
711	  3
712	  1
713	  2
714	  2
715	  4
716	  0
717	  0
718	  2
719	  2
720	  4
721	  2
722	  2
723	  2
724	  1
725	  0
726	  3
727	  1
728	  1
729	  0
730	  0
731	  4
732	  2
733	  0
734	  2
735	  0
736	  4
737	  0
738	  0
739	  0
740	  1
741	  2
742	  0
743	  0
744	  3
745	  4
746	  0
747	  4
748	  3
749	  1
750	  2
751	  2
752	  2
753	  1
754	  0
755	  1
756	  1
757	  4
758	  0
759	  0
760	  2
761	  0
762	  0
763	  4
764	  2
765	  4
766	  2
767	  4
768	  3
769	  3
770	  3
771	  1
772	  0
773	  4
774	  0
775	  0
776	  3
777	  0
778	  0
779	  1
780	  2
781	  0
782	  1
783	  2
784	  1
785	  3
786	  2
787	  4
788	  0
789	  2
790	  4
791	  4
792	  1
793	  1
794	  4
795	  2
796	  4
797	  0
798	  0
799	  2
800	  0
801	  4
802	  4
803	  0
804	  2
805	  4
806	  3
807	  2
808	  3
809	  2
810	  1
811	  4
812	  4
813	  0
814	  2
815	  0
816	  1
817	  4
818	  0
819	  2
820	  2
821	  4
822	  4
823	  1
824	  1
825	  1
826	  2
827	  2
828	  1
829	  2
830	  0
831	  2
832	  4
833	  2
834	  2
835	  1
836	  0
837	  4
838	  2
839	  1
840	  0
841	  1
842	  2
843	  3
844	  0
845	  0
846	  3
847	  2
848	  2
849	  2
850	  1
851	  2
852	  0
853	  2
854	  4
855	  0
856	  4
857	  1
858	  0
859	  0
860	  2
861	  0
862	  1
863	  0
864	  2
865	  2
866	  0
867	  3
868	  3
869	  0
870	  2
871	  4
872	  1
873	  3
874	  0
875	  0
876	  3
877	  3
878	  4
879	  4
880	  2
881	  1
882	  0
883	  0
884	  4
885	  0
886	  4
887	  2
888	  3
889	  2
890	  1
891	  4
892	  4
893	  2
894	  0
895	  1
896	  1
897	  4
898	  0
899	  0
900	  1
901	  4
902	  0
903	  0
904	  1
905	  1
906	  4
907	  3
908	  1
909	  1
910	  0
911	  0
912	  1
913	  0
914	  4
915	  2
916	  4
917	  0
918	  0
919	  3
920	  1
921	  2
922	  1
923	  0
924	  0
925	  0
926	  2
927	  3
928	  3
929	  0
930	  2
931	  4
932	  2
933	  0
934	  4
935	  0
936	  1
937	  3
938	  3
939	  0
940	  2
941	  0
942	  4
943	  4
944	  4
945	  0
946	  1
947	  1
948	  1
949	  4
950	  0
951	  0
952	  4
953	  1
954	  4
955	  0
956	  3
957	  0
958	  2
959	  4
960	  0
961	  3
962	  2
963	  0
964	  2
965	  3
966	  0
967	  0
968	  0
969	  1
970	  2
971	  3
972	  1
973	  0
974	  1
975	  0
976	  1
977	  0
978	  2
979	  4
980	  4
981	  0
982	  0
983	  1
984	  0
985	  0
986	  0
987	  1
988	  4
989	  2
990	  3
991	  1
992	  1
993	  2
994	  4
995	  0
996	  0
997	  4
998	  0
999	  0
1000	  1
1001	  4
1002	  1
1003	  0
1004	  4
1005	  2
1006	  2
1007	  1
1008	  4
1009	  4
1010	  2
1011	  1
1012	  0
1013	  0
1014	  0
1015	  1
1016	  2
1017	  4
1018	  0
1019	  0
1020	  2
1021	  2
1022	  0
1023	  4
1024	  0
1025	  0
1026	  0
1027	  2
1028	  2
1029	  0
1030	  4
1031	  4
1032	  1
1033	  4
1034	  0
1035	  0
1036	  4
1037	  0
1038	  3
1039	  0
1040	  0
1041	  2
1042	  1
1043	  1
1044	  4
1045	  3
1046	  1
1047	  2
1048	  0
1049	  3
1050	  0
1051	  1
1052	  4
1053	  4
1054	  1
1055	  0
1056	  2
1057	  0
1058	  0
1059	  4
1060	  2
1061	  0
1062	  2
1063	  0
1064	  4
1065	  0
1066	  0
1067	  4
1068	  1
1069	  0
1070	  2
1071	  2
1072	  2
1073	  1
1074	  1
1075	  4
1076	  0
1077	  0
1078	  2
1079	  1
1080	  4
1081	  2
1082	  3
1083	  2
1084	  1
1085	  2
1086	  3
1087	  3
1088	  1
1089	  0
1090	  0
1091	  4
1092	  1
1093	  2
1094	  4
1095	  0
1096	  4
1097	  4
1098	  0
1099	  2
1100	  2
1101	  2
1102	  0
1103	  0
1104	  1
1105	  4
1106	  0
1107	  0
1108	  2
1109	  1
1110	  2
1111	  2
1112	  4
1113	  4
1114	  4
1115	  0
1116	  4
1117	  1
1118	  1
1119	  0
1120	  0
1121	  0
1122	  4
1123	  1
1124	  1
1125	  0
1126	  4
1127	  2
1128	  2
1129	  0
1130	  1
1131	  2
1132	  1
1133	  2
1134	  0
1135	  1
1136	  4
1137	  3
1138	  0
1139	  2
1140	  1
1141	  3
1142	  2
1143	  3
1144	  4
1145	  1
1146	  4
1147	  0
1148	  2
1149	  1
1150	  1
1151	  3
1152	  4
1153	  2
1154	  3
1155	  4
1156	  3
1157	  4
1158	  2
1159	  1
1160	  2
1161	  0
1162	  2
1163	  4
1164	  1
1165	  3
1166	  0
1167	  0
1168	  4
1169	  0
1170	  2
1171	  1
1172	  4
1173	  4
1174	  2
1175	  1
1176	  0
1177	  2
1178	  3
1179	  1
1180	  2
1181	  2
1182	  1
1183	  0
1184	  0
1185	  4
1186	  0
1187	  2
1188	  0
1189	  0
1190	  0
1191	  0
1192	  0
1193	  0
1194	  1
1195	  4
1196	  4
1197	  4
1198	  2
1199	  1
1200	  1
1201	  3
1202	  4
1203	  3
1204	  1
1205	  0
1206	  4
1207	  3
1208	  1
1209	  3
1210	  1
1211	  0
1212	  1
1213	  0
1214	  3
1215	  4
1216	  3
1217	  4
1218	  4
1219	  3
1220	  2
1221	  0
1222	  2
1223	  2
1224	  0
1225	  0
1226	  0
1227	  4
1228	  2
1229	  2
1230	  0
1231	  2
1232	  4
1233	  2
1234	  4
1235	  0
1236	  4
1237	  0
1238	  4
1239	  4
1240	  4
1241	  0
1242	  4
1243	  3
1244	  4
1245	  1
1246	  0
1247	  0
1248	  1
1249	  0
1250	  4
1251	  4
1252	  0
1253	  2
1254	  4
1255	  0
1256	  2
1257	  0
1258	  2
1259	  4
1260	  2
1261	  0
1262	  2
1263	  0
1264	  4
1265	  3
1266	  1
1267	  0
1268	  0
1269	  0
1270	  0
1271	  0
1272	  0
1273	  1
1274	  0
1275	  0
1276	  4
1277	  0
1278	  4
1279	  2
1280	  4
1281	  0
1282	  1
1283	  1
1284	  3
1285	  1
1286	  0
1287	  1
1288	  3
1289	  4
1290	  1
1291	  4
1292	  0
1293	  0
1294	  1
1295	  0
1296	  1
1297	  0
1298	  4
1299	  4
1300	  2
1301	  0
1302	  1
1303	  1
1304	  2
1305	  1
1306	  4
1307	  4
1308	  2
1309	  4
1310	  0
1311	  0
1312	  0
1313	  1
1314	  2
1315	  2
1316	  4
1317	  4
1318	  0
1319	  1
1320	  0
1321	  0
1322	  3
1323	  1
1324	  4
1325	  1
1326	  1
1327	  4
1328	  1
1329	  0
1330	  4
1331	  3
1332	  4
1333	  0
1334	  0
1335	  4
1336	  0
1337	  2
1338	  0
1339	  4
1340	  2
1341	  4
1342	  0
1343	  2
1344	  1
1345	  4
1346	  1
1347	  2
1348	  1
1349	  1
1350	  0
1351	  3
1352	  4
1353	  2
1354	  4
1355	  0
1356	  0
1357	  3
1358	  1
1359	  0
1360	  1
1361	  1
1362	  1
1363	  1
1364	  1
1365	  4
1366	  1
1367	  2
1368	  0
1369	  4
1370	  4
1371	  0
1372	  3
1373	  4
1374	  2
1375	  1
1376	  3
1377	  1
1378	  1
1379	  0
1380	  2
1381	  0
1382	  4
1383	  1
1384	  0
1385	  1
1386	  1
1387	  0
1388	  1
1389	  1
1390	  0
1391	  2
1392	  3
1393	  4
1394	  1
1395	  2
1396	  4
1397	  0
1398	  1
1399	  2
1400	  2
1401	  0
1402	  0
1403	  1
1404	  0
1405	  0
1406	  1
1407	  4
1408	  0
1409	  1
1410	  0
1411	  1
1412	  4
1413	  1
1414	  3
1415	  0
1416	  1
1417	  4
1418	  4
1419	  0
1420	  1
1421	  1
1422	  2
1423	  1
1424	  1
1425	  2
1426	  2
1427	  0
1428	  2
1429	  0
1430	  0
1431	  1
1432	  3
1433	  0
1434	  4
1435	  1
1436	  4
1437	  4
1438	  2
1439	  4
1440	  1
1441	  4
1442	  0
1443	  3
1444	  4
1445	  4
1446	  2
1447	  2
1448	  2
1449	  0
1450	  2
1451	  0
1452	  4
1453	  0
1454	  2
1455	  0
1456	  1
1457	  0
1458	  1
1459	  1
1460	  2
1461	  0
1462	  0
1463	  2
1464	  0
1465	  4
1466	  1
1467	  0
1468	  1
1469	  4
1470	  1
1471	  4
1472	  2
1473	  3
1474	  1
1475	  3
1476	  4
1477	  0
1478	  2
1479	  4
1480	  3
1481	  2
1482	  4
1483	  0
1484	  0
1485	  0
1486	  4
1487	  1
1488	  2
1489	  1
1490	  2
1491	  4
1492	  0
1493	  4
1494	  0
1495	  3
1496	  1
1497	  4
1498	  0
1499	  4
1500	  2
1501	  2
1502	  1
1503	  4
1504	  3
1505	  1
1506	  4
1507	  0
1508	  2
1509	  0
1510	  1
1511	  0
1512	  1
1513	  1
1514	  4
1515	  1
1516	  3
1517	  1
1518	  1
1519	  4
1520	  0
1521	  1
1522	  0
1523	  0
1524	  2
1525	  3
1526	  3
1527	  1
1528	  4
1529	  2
1530	  3
1531	  0
1532	  0
1533	  1
1534	  1
1535	  0
1536	  2
1537	  4
1538	  1
1539	  0
1540	  0
1541	  2
1542	  1
1543	  2
1544	  2
1545	  3
1546	  0
1547	  1
1548	  0
1549	  1
1550	  0
1551	  1
1552	  4
1553	  1
1554	  1
1555	  0
1556	  0
1557	  0
1558	  2
1559	  4
1560	  1
1561	  3
1562	  2
1563	  0
1564	  4
1565	  4
1566	  4
1567	  4
1568	  0
1569	  0
1570	  4
1571	  4
1572	  1
1573	  3
1574	  2
1575	  2
1576	  0
1577	  4
1578	  4
1579	  0
1580	  4
1581	  2
1582	  1
1583	  3
1584	  0
1585	  0
1586	  1
1587	  3
1588	  2
1589	  0
1590	  2
1591	  3
1592	  3
1593	  1
1594	  0
1595	  1
1596	  1
1597	  1
1598	  1
1599	  3
1600	  4
1601	  4
1602	  0
1603	  1
1604	  0
1605	  0
1606	  3
1607	  1
1608	  1
1609	  1
1610	  1
1611	  0
1612	  4
1613	  3
1614	  3
1615	  0
1616	  2
1617	  0
1618	  4
1619	  1
1620	  0
1621	  0
1622	  2
1623	  1
1624	  1
1625	  4
1626	  2
1627	  4
1628	  3
1629	  0
1630	  2
1631	  2
1632	  0
1633	  3
1634	  4
1635	  0
1636	  1
1637	  4
1638	  0
1639	  1
1640	  0
1641	  0
1642	  0
1643	  1
1644	  0
1645	  1
1646	  4
1647	  4
1648	  0
1649	  4
1650	  1
1651	  4
1652	  1
1653	  1
1654	  1
1655	  3
1656	  3
1657	  1
1658	  4
1659	  2
1660	  1
1661	  4
1662	  4
1663	  3
1664	  0
1665	  0
1666	  2
1667	  3
1668	  1
1669	  0
1670	  1
1671	  4
1672	  3
1673	  2
1674	  1
1675	  0
1676	  4
1677	  4
1678	  1
1679	  3
1680	  0
1681	  4
1682	  2
1683	  1
1684	  0
1685	  0
1686	  0
1687	  4
1688	  1
1689	  2
1690	  2
1691	  4
1692	  4
1693	  1
1694	  0
1695	  2
1696	  3
1697	  0
1698	  4
1699	  0
1700	  1
1701	  1
1702	  0
1703	  0
1704	  4
1705	  0
1706	  3
1707	  0
1708	  1
1709	  2
1710	  2
1711	  0
1712	  4
1713	  4
1714	  0
1715	  0
1716	  1
1717	  3
1718	  0
1719	  0
1720	  0
1721	  0
1722	  3
1723	  0
1724	  4
1725	  3
1726	  4
1727	  4
1728	  1
1729	  0
1730	  4
1731	  2
1732	  0
1733	  4
1734	  0
1735	  4
1736	  3
1737	  0
1738	  2
1739	  4
1740	  2
1741	  3
1742	  0
1743	  4
1744	  2
1745	  0
1746	  3
1747	  1
1748	  1
1749	  1
1750	  0
1751	  2
1752	  1
1753	  1
1754	  3
1755	  2
1756	  1
1757	  3
1758	  0
1759	  1
1760	  2
1761	  0
1762	  3
1763	  3
1764	  2
1765	  0
1766	  3
1767	  2
1768	  0
1769	  3
1770	  4
1771	  0
1772	  3
1773	  1
1774	  4
1775	  0
1776	  0
1777	  1
1778	  1
1779	  3
1780	  1
1781	  2
1782	  0
1783	  3
1784	  4
1785	  1
1786	  4
1787	  2
1788	  2
1789	  2
1790	  0
1791	  0
1792	  1
1793	  0
1794	  4
1795	  3
1796	  2
1797	  4
1798	  0
1799	  1
1800	  2
1801	  1
1802	  0
1803	  0
1804	  2
1805	  4
1806	  3
1807	  1
1808	  4
1809	  0
1810	  0
1811	  0
1812	  4
1813	  1
1814	  1
1815	  1
1816	  0
1817	  0
1818	  1
1819	  2
1820	  0
1821	  3
1822	  4
1823	  3
1824	  3
1825	  0
1826	  1
1827	  1
1828	  3
1829	  4
1830	  0
1831	  3
1832	  3
1833	  2
1834	  1
1835	  1
1836	  3
1837	  2
1838	  1
1839	  4
1840	  1
1841	  2
1842	  0
1843	  1
1844	  3
1845	  3
1846	  0
1847	  0
1848	  3
1849	  0
1850	  0
1851	  3
1852	  1
1853	  0
1854	  4
1855	  0
1856	  4
1857	  2
1858	  0
1859	  3
1860	  4
1861	  1
1862	  2
1863	  0
1864	  2
1865	  4
1866	  0
1867	  4
1868	  3
1869	  1
1870	  0
1871	  0
1872	  1
1873	  0
1874	  1
1875	  0
1876	  4
1877	  1
1878	  3
1879	  0
1880	  2
1881	  1
1882	  4
1883	  2
1884	  2
1885	  0
1886	  0
1887	  1
1888	  3
1889	  2
1890	  1
1891	  0
1892	  0
1893	  2
1894	  4
1895	  1
1896	  4
1897	  1
1898	  3
1899	  3
1900	  0
1901	  4
1902	  2
1903	  0
1904	  1
1905	  4
1906	  1
1907	  4
1908	  0
1909	  1
1910	  2
1911	  2
1912	  0
1913	  4
1914	  3
1915	  2
1916	  4
1917	  1
1918	  0
1919	  0
1920	  0
1921	  2
1922	  2
1923	  1
1924	  0
1925	  0
1926	  2
1927	  1
1928	  2
1929	  0
1930	  1
1931	  2
1932	  1
1933	  2
1934	  2
1935	  0
1936	  4
1937	  4
1938	  0
1939	  1
1940	  0
1941	  3
1942	  1
1943	  0
1944	  0
1945	  2
1946	  0
1947	  0
1948	  1
1949	  1
1950	  2
1951	  1
1952	  4
1953	  4
1954	  0
1955	  2
1956	  0
1957	  1
1958	  2
1959	  3
1960	  3
1961	  4
1962	  4
1963	  0
1964	  1
1965	  2
1966	  2
1967	  4
1968	  4
1969	  0
1970	  2
1971	  0
1972	  4
1973	  1
1974	  4
1975	  4
1976	  4
1977	  2
1978	  4
1979	  3
1980	  3
1981	  1
1982	  1
1983	  4
1984	  3
1985	  2
1986	  4
1987	  1
1988	  3
1989	  0
1990	  3
1991	  1
1992	  1
1993	  2
1994	  2
1995	  3
1996	  4
1997	  4
1998	  0
1999	  4
2000	  1
2001	  2
2002	  3
2003	  4
2004	  2
2005	  0
2006	  0
2007	  0
2008	  0
2009	  1
2010	  4
2011	  4
2012	  2
2013	  2
2014	  1
2015	  2
2016	  3
2017	  0
2018	  2
2019	  1
2020	  0
2021	  1
2022	  1
2023	  3
2024	  1
2025	  4
2026	  2
2027	  0
2028	  2
2029	  3
2030	  1
2031	  4
2032	  4
2033	  3
2034	  1
2035	  1
2036	  0
2037	  4
2038	  1
2039	  0
2040	  4
2041	  0
2042	  1
2043	  0
2044	  0
2045	  4
2046	  2
2047	  3
2048	  4
2049	  3
2050	  0
2051	  0
2052	  3
2053	  1
2054	  3
2055	  4
2056	  0
2057	  1
2058	  0
2059	  4
2060	  1
2061	  3
2062	  0
2063	  0
2064	  2
2065	  4
2066	  0
2067	  3
2068	  0
2069	  3
2070	  1
2071	  2
2072	  1
2073	  3
2074	  0
2075	  3
2076	  4
2077	  2
2078	  4
2079	  1
2080	  1
2081	  4
2082	  0
2083	  3
2084	  0
2085	  1
2086	  0
2087	  0
2088	  2
2089	  0
2090	  4
2091	  3
2092	  0
2093	  1
2094	  4
2095	  1
2096	  0
2097	  2
2098	  1
2099	  1
2100	  4
2101	  4
2102	  1
2103	  4
2104	  4
2105	  2
2106	  1
2107	  1
2108	  1
2109	  1
2110	  0
2111	  3
2112	  3
2113	  2
2114	  1
2115	  0
2116	  2
2117	  4
2118	  4
2119	  1
2120	  2
2121	  1
2122	  0
2123	  2
2124	  3
2125	  2
2126	  2
2127	  3
2128	  4
2129	  1
2130	  0
2131	  3
2132	  4
2133	  0
2134	  1
2135	  0
2136	  0
2137	  4
2138	  1
2139	  2
2140	  0
2141	  3
2142	  4
2143	  0
2144	  1
2145	  4
2146	  0
2147	  0
2148	  3
2149	  2
2150	  4
2151	  3
2152	  0
2153	  0
2154	  0
2155	  1
2156	  3
2157	  0
2158	  1
2159	  2
2160	  1
2161	  4
2162	  2
2163	  0
2164	  3
2165	  2
2166	  3
2167	  4
2168	  3
2169	  4
2170	  4
2171	  2
2172	  0
2173	  4
2174	  1
2175	  1
2176	  2
2177	  3
2178	  4
2179	  4
2180	  0
2181	  1
2182	  4
2183	  0
2184	  2
2185	  2
2186	  1
2187	  3
2188	  4
2189	  0
2190	  4
2191	  3
2192	  4
2193	  3
2194	  4
2195	  0
2196	  1
2197	  1
2198	  4
2199	  3
2200	  1
2201	  2
2202	  3
2203	  3
2204	  2
2205	  4
2206	  0
2207	  3
2208	  1
2209	  2
2210	  4
2211	  1
2212	  0
2213	  2
2214	  2
2215	  0
2216	  3
2217	  0
2218	  4
2219	  1
2220	  0
2221	  4
2222	  4
2223	  0
2224	  3
2225	  1
2226	  1
2227	  0
2228	  1
2229	  4
2230	  2
2231	  0
2232	  1
2233	  1
2234	  1
2235	  2
2236	  2
2237	  1
2238	  4
2239	  4
2240	  1
2241	  1
2242	  3
2243	  0
2244	  0
2245	  2
2246	  1
2247	  0
2248	  2
2249	  0
2250	  3
2251	  4
2252	  2
2253	  4
2254	  1
2255	  4
2256	  1
2257	  4
2258	  0
2259	  0
2260	  2
2261	  0
2262	  0
2263	  0
2264	  2
2265	  4
2266	  2
2267	  0
2268	  2
2269	  4
2270	  4
2271	  4
2272	  1
2273	  0
2274	  2
2275	  3
2276	  0
2277	  2
2278	  3
2279	  1
2280	  2
2281	  1
2282	  1
2283	  1
2284	  0
2285	  2
2286	  0
2287	  4
2288	  2
2289	  0
2290	  1
2291	  3
2292	  0
2293	  2
2294	  1
2295	  1
2296	  0
2297	  4
2298	  2
2299	  1
2300	  3
2301	  2
2302	  4
2303	  3
2304	  0
2305	  0
2306	  1
2307	  4
2308	  2
2309	  4
2310	  1
2311	  1
2312	  0
2313	  0
2314	  0
2315	  2
2316	  1
2317	  0
2318	  1
2319	  2
2320	  1
2321	  0
2322	  1
2323	  1
2324	  4
2325	  1
2326	  4
2327	  3
2328	  0
2329	  4
2330	  1
2331	  0
2332	  0
2333	  1
2334	  0
2335	  2
2336	  2
2337	  1
2338	  0
2339	  0
2340	  0
2341	  3
2342	  0
2343	  2
2344	  4
2345	  0
2346	  0
2347	  1
2348	  0
2349	  2
2350	  1
2351	  3
2352	  2
2353	  4
2354	  4
2355	  2
2356	  3
2357	  1
2358	  3
2359	  1
2360	  4
2361	  1
2362	  0
2363	  1
2364	  0
2365	  2
2366	  3
2367	  4
2368	  3
2369	  4
2370	  4
2371	  0
2372	  1
2373	  4
2374	  1
2375	  2
2376	  2
2377	  0
2378	  4
2379	  4
2380	  1
2381	  2
2382	  1
2383	  3
2384	  1
2385	  4
2386	  3
2387	  2
2388	  0
2389	  0
2390	  0
2391	  4
2392	  1
2393	  1
2394	  0
2395	  0
2396	  1
2397	  2
2398	  4
2399	  4
2400	  1
2401	  1
2402	  0
2403	  3
2404	  2
2405	  0
2406	  1
2407	  2
2408	  4
2409	  0
2410	  4
2411	  2
2412	  2
2413	  2
2414	  2
2415	  2
2416	  1
2417	  4
2418	  0
2419	  3
2420	  0
2421	  4
2422	  0
2423	  0
2424	  2
2425	  4
2426	  3
2427	  4
2428	  3
2429	  1
2430	  4
2431	  0
2432	  4
2433	  0
2434	  4
2435	  2
2436	  4
2437	  4
2438	  4
2439	  2
2440	  1
2441	  2
2442	  2
2443	  4
2444	  2
2445	  0
2446	  0
2447	  2
2448	  2
2449	  2
2450	  1
2451	  4
2452	  2
2453	  2
2454	  4
2455	  0
2456	  2
2457	  3
2458	  0
2459	  1
2460	  3
2461	  4
2462	  4
2463	  0
2464	  2
2465	  0
2466	  4
2467	  4
2468	  0
2469	  4
2470	  1
2471	  4
2472	  3
2473	  4
2474	  2
2475	  0
2476	  1
2477	  1
2478	  0
2479	  3
2480	  2
2481	  1
2482	  0
2483	  0
2484	  1
2485	  3
2486	  0
2487	  2
2488	  2
2489	  0
2490	  4
2491	  1
2492	  0
2493	  0
2494	  4
2495	  0
2496	  4
2497	  2
2498	  1
2499	  0
2500	  4
2501	  4
2502	  0
2503	  0
2504	  0
2505	  2
2506	  0
2507	  0
2508	  2
2509	  2
2510	  4
2511	  2
2512	  0
2513	  0
2514	  0
2515	  4
2516	  4
2517	  1
2518	  2
2519	  0
2520	  2
2521	  0
2522	  0
2523	  0
2524	  1
2525	  3
2526	  3
2527	  1
2528	  1
2529	  0
2530	  1
2531	  2
2532	  2
2533	  4
2534	  3
2535	  0
2536	  4
2537	  0
2538	  4
2539	  2
2540	  4
2541	  0
2542	  0
2543	  0
2544	  4
2545	  3
2546	  2
2547	  1
2548	  1
2549	  1
2550	  4
2551	  0
2552	  4
2553	  0
2554	  2
2555	  4
2556	  2
2557	  2
2558	  0
2559	  3
2560	  2
2561	  4
2562	  1
2563	  1
2564	  1
2565	  0
2566	  1
2567	  0
2568	  0
2569	  0
2570	  0
2571	  0
2572	  0
2573	  0
2574	  1
2575	  3
2576	  3
2577	  3
2578	  2
2579	  1
2580	  1
2581	  0
2582	  1
2583	  1
2584	  2
2585	  2
2586	  2
2587	  4
2588	  3
2589	  1
2590	  1
2591	  1
2592	  0
2593	  0
2594	  3
2595	  1
2596	  0
2597	  0
2598	  3
2599	  1
2600	  3
2601	  4
2602	  4
2603	  4
2604	  2
2605	  0
2606	  0
2607	  0
2608	  3
2609	  1
2610	  3
2611	  3
2612	  3
2613	  0
2614	  0
2615	  2
2616	  3
2617	  1
2618	  1
2619	  3
2620	  1
2621	  0
2622	  1
2623	  0
2624	  2
2625	  1
2626	  2
2627	  0
2628	  3
2629	  3
2630	  3
2631	  2
2632	  1
2633	  1
2634	  1
2635	  0
2636	  0
2637	  0
2638	  1
2639	  0
2640	  2
2641	  2
2642	  4
2643	  4
2644	  2
2645	  0
2646	  3
2647	  2
2648	  3
2649	  4
2650	  1
2651	  1
2652	  0
2653	  4
2654	  1
2655	  1
2656	  2
2657	  1
2658	  0
2659	  0
2660	  3
2661	  4
2662	  0
2663	  2
2664	  2
2665	  0
2666	  0
2667	  4
2668	  3
2669	  4
2670	  4
2671	  0
2672	  2
2673	  4
2674	  2
2675	  0
2676	  1
2677	  0
2678	  1
2679	  3
2680	  3
2681	  1
2682	  0
2683	  1
2684	  1
2685	  2
2686	  0
2687	  0
2688	  0
2689	  0
2690	  4
2691	  4
2692	  3
2693	  2
2694	  1
2695	  2
2696	  2
2697	  4
2698	  3
2699	  0
2700	  0
2701	  2
2702	  4
2703	  1
2704	  0
2705	  0
2706	  0
2707	  3
2708	  4
2709	  4
2710	  2
2711	  0
2712	  2
2713	  4
2714	  3
2715	  0
2716	  1
2717	  2
2718	  0
2719	  2
2720	  1
2721	  1
2722	  0
2723	  0
2724	  0
2725	  1
2726	  4
2727	  4
2728	  1
2729	  3
2730	  0
2731	  4
2732	  1
2733	  4
2734	  0
2735	  4
2736	  0
2737	  2
2738	  0
2739	  0
2740	  2
2741	  3
2742	  0
2743	  4
2744	  4
2745	  1
2746	  1
2747	  4
2748	  4
2749	  2
2750	  1
2751	  1
2752	  0
2753	  4
2754	  2
2755	  0
2756	  2
2757	  1
2758	  1
2759	  0
2760	  4
2761	  4
2762	  4
2763	  4
2764	  4
2765	  4
2766	  3
2767	  4
2768	  2
2769	  2
2770	  0
2771	  1
2772	  0
2773	  3
2774	  4
2775	  0
2776	  2
2777	  3
2778	  0
2779	  3
2780	  1
2781	  0
2782	  4
2783	  0
2784	  0
2785	  2
2786	  4
2787	  3
2788	  0
2789	  2
2790	  2
2791	  2
2792	  0
2793	  4
2794	  4
2795	  0
2796	  2
2797	  0
2798	  1
2799	  2
2800	  4
2801	  2
2802	  1
2803	  0
2804	  4
2805	  0
2806	  4
2807	  1
2808	  0
2809	  4
2810	  1
2811	  2
2812	  4
2813	  1
2814	  1
2815	  3
2816	  1
2817	  3
2818	  4
2819	  1
2820	  2
2821	  4
2822	  2
2823	  1
2824	  3
2825	  4
2826	  2
2827	  0
2828	  0
2829	  0
2830	  0
2831	  2
2832	  1
2833	  3
2834	  1
2835	  0
2836	  1
2837	  4
2838	  3
2839	  2
2840	  1
2841	  0
2842	  4
2843	  0
2844	  0
2845	  2
2846	  0
2847	  1
2848	  3
2849	  2
2850	  2
2851	  2
2852	  3
2853	  2
2854	  0
2855	  0
2856	  2
2857	  0
2858	  0
2859	  0
2860	  4
2861	  4
2862	  4
2863	  0
2864	  0
2865	  0
2866	  1
2867	  3
2868	  1
2869	  0
2870	  0
2871	  3
2872	  2
2873	  3
2874	  1
2875	  1
2876	  0
2877	  4
2878	  3
2879	  2
2880	  1
2881	  2
2882	  3
2883	  0
2884	  2
2885	  4
2886	  3
2887	  4
2888	  1
2889	  2
2890	  1
2891	  2
2892	  0
2893	  0
2894	  3
2895	  2
2896	  4
2897	  0
2898	  4
2899	  1
2900	  1
2901	  1
2902	  4
2903	  0
2904	  2
2905	  3
2906	  4
2907	  0
2908	  2
2909	  2
2910	  2
2911	  1
2912	  0
2913	  1
2914	  1
2915	  3
2916	  0
2917	  2
2918	  0
2919	  2
2920	  4
2921	  3
2922	  3
2923	  0
2924	  2
2925	  0
2926	  4
2927	  1
2928	  2
2929	  3
2930	  4
2931	  3
2932	  0
2933	  4
2934	  1
2935	  2
2936	  0
2937	  2
2938	  0
2939	  3
2940	  0
2941	  2
2942	  1
2943	  0
2944	  2
2945	  0
2946	  0
2947	  4
2948	  0
2949	  0
2950	  1
2951	  4
2952	  0
2953	  4
2954	  1
2955	  3
2956	  1
2957	  1
2958	  2
2959	  4
2960	  0
2961	  2
2962	  4
2963	  2
2964	  2
2965	  1
2966	  4
2967	  1
2968	  0
2969	  0
2970	  4
2971	  1
2972	  3
2973	  4
2974	  0
2975	  1
2976	  2
2977	  0
2978	  2
2979	  1
2980	  1
2981	  1
2982	  1
2983	  1
2984	  4
2985	  0
2986	  2
2987	  3
2988	  3
2989	  3
2990	  2
2991	  0
2992	  4
2993	  4
2994	  3
2995	  4
2996	  0
2997	  0
2998	  4
2999	  0
3000	  4
3001	  4
3002	  3
3003	  1
3004	  2
3005	  4
3006	  4
3007	  2
3008	  1
3009	  1
3010	  0
3011	  2
3012	  4
3013	  2
3014	  1
3015	  0
3016	  2
3017	  4
3018	  4
3019	  3
3020	  3
3021	  1
3022	  2
3023	  1
3024	  0
3025	  2
3026	  2
3027	  2
3028	  0
3029	  4
3030	  3
3031	  2
3032	  2
3033	  4
3034	  4
3035	  1
3036	  0
3037	  0
3038	  4
3039	  2
3040	  0
3041	  4
3042	  0
3043	  0
3044	  2
3045	  0
3046	  1
3047	  0
3048	  2
3049	  1
3050	  1
3051	  0
3052	  0
3053	  1
3054	  1
3055	  3
3056	  2
3057	  2
3058	  4
3059	  3
3060	  3
3061	  4
3062	  2
3063	  2
3064	  3
3065	  2
3066	  3
3067	  4
3068	  3
3069	  2
3070	  1
3071	  2
3072	  1
3073	  2
3074	  2
3075	  1
3076	  0
3077	  1
3078	  2
3079	  1
3080	  2
3081	  3
3082	  4
3083	  2
3084	  2
3085	  3
3086	  2
3087	  0
3088	  2
3089	  3
3090	  4
3091	  3
3092	  1
3093	  3
3094	  3
3095	  1
3096	  0
3097	  2
3098	  3
3099	  3
3100	  0
3101	  1
3102	  1
3103	  2
3104	  1
3105	  4
3106	  2
3107	  0
3108	  4
3109	  1
3110	  2
3111	  0
3112	  3
3113	  4
3114	  4
3115	  2
3116	  4
3117	  2
3118	  1
3119	  2
3120	  0
3121	  2
3122	  3
3123	  1
3124	  4
3125	  0
3126	  2
3127	  1
3128	  4
3129	  1
3130	  2
3131	  1
3132	  1
3133	  3
3134	  3
3135	  0
3136	  2
3137	  1
3138	  0
3139	  4
3140	  2
3141	  1
3142	  2
3143	  2
3144	  4
3145	  4
3146	  1
3147	  4
3148	  3
3149	  1
3150	  1
3151	  3
3152	  1
3153	  2
3154	  4
3155	  3
3156	  3
3157	  1
3158	  0
3159	  1
3160	  1
3161	  0
3162	  1
3163	  0
3164	  1
3165	  0
3166	  4
3167	  0
3168	  4
3169	  4
3170	  4
3171	  2
3172	  4
3173	  1
3174	  3
3175	  4
3176	  3
3177	  4
3178	  1
3179	  1
3180	  3
3181	  2
3182	  0
3183	  4
3184	  0
3185	  0
3186	  4
3187	  0
3188	  0
3189	  0
3190	  0
3191	  0
3192	  1
3193	  2
3194	  4
3195	  2
3196	  3
3197	  3
3198	  4
3199	  0
3200	  1
3201	  1
3202	  2
3203	  1
3204	  1
3205	  2
3206	  2
3207	  1
3208	  0
3209	  0
3210	  2
3211	  4
3212	  0
3213	  1
3214	  1
3215	  0
3216	  1
3217	  1
3218	  1
3219	  4
3220	  3
3221	  0
3222	  4
3223	  1
3224	  3
3225	  4
3226	  2
3227	  1
3228	  2
3229	  2
3230	  0
3231	  2
3232	  1
3233	  0
3234	  4
3235	  4
3236	  1
3237	  1
3238	  4
3239	  0
3240	  1
3241	  3
3242	  3
3243	  2
3244	  4
3245	  3
3246	  1
3247	  1
3248	  2
3249	  2
3250	  1
3251	  1
3252	  2
3253	  0
3254	  1
3255	  0
3256	  1
3257	  0
3258	  3
3259	  2
3260	  0
3261	  3
3262	  3
3263	  2
3264	  1
3265	  4
3266	  2
3267	  4
3268	  2
3269	  1
3270	  2
3271	  1
3272	  1
3273	  0
3274	  0
3275	  0
3276	  0
3277	  2
3278	  0
3279	  4
3280	  3
3281	  2
3282	  0
3283	  4
3284	  0
3285	  4
3286	  1
3287	  1
3288	  2
3289	  3
3290	  0
3291	  4
3292	  3
3293	  4
3294	  4
3295	  3
3296	  2
3297	  0
3298	  0
3299	  4
3300	  1
3301	  3
3302	  1
3303	  3
3304	  3
3305	  1
3306	  3
3307	  3
3308	  4
3309	  1
3310	  0
3311	  1
3312	  1
3313	  3
3314	  2
3315	  0
3316	  0
3317	  0
3318	  0
3319	  4
3320	  4
3321	  0
3322	  0
3323	  1
3324	  1
3325	  1
3326	  0
3327	  4
3328	  1
3329	  0
3330	  4
3331	  0
3332	  1
3333	  0
3334	  2
3335	  2
3336	  1
3337	  0
3338	  1
3339	  1
3340	  0
3341	  0
3342	  0
3343	  4
3344	  4
3345	  1
3346	  1
3347	  3
3348	  4
3349	  2
3350	  2
3351	  2
3352	  0
3353	  4
3354	  0
3355	  2
3356	  3
3357	  4
3358	  1
3359	  4
3360	  3
3361	  3
3362	  3
3363	  2
3364	  2
3365	  4
3366	  2
3367	  1
3368	  1
3369	  1
3370	  0
3371	  0
3372	  1
3373	  0
3374	  1
3375	  4
3376	  3
3377	  2
3378	  1
3379	  1
3380	  1
3381	  2
3382	  2
3383	  1
3384	  3
3385	  1
3386	  4
3387	  2
3388	  2
3389	  2
3390	  4
3391	  0
3392	  0
3393	  2
3394	  3
3395	  0
3396	  4
3397	  2
3398	  1
3399	  0
3400	  3
3401	  1
3402	  0
3403	  3
3404	  4
3405	  4
3406	  0
3407	  4
3408	  0
3409	  1
3410	  4
3411	  2
3412	  4
3413	  1
3414	  0
3415	  1
3416	  0
3417	  2
3418	  0
3419	  3
3420	  1
3421	  1
3422	  4
3423	  2
3424	  0
3425	  0
3426	  0
3427	  4
3428	  0
3429	  3
3430	  4
3431	  0
3432	  1
3433	  0
3434	  3
3435	  4
3436	  1
3437	  0
3438	  2
3439	  2
3440	  1
3441	  1
3442	  2
3443	  3
3444	  4
3445	  0
3446	  3
3447	  0
3448	  1
3449	  4
3450	  2
3451	  0
3452	  2
3453	  4
3454	  0
3455	  2
3456	  1
3457	  2
3458	  4
3459	  1
3460	  1
3461	  2
3462	  4
3463	  4
3464	  2
3465	  4
3466	  1
3467	  2
3468	  4
3469	  2
3470	  2
3471	  0
3472	  4
3473	  1
3474	  0
3475	  4
3476	  1
3477	  3
3478	  4
3479	  1
3480	  2
3481	  4
3482	  0
3483	  0
3484	  1
3485	  0
3486	  2
3487	  0
3488	  0
3489	  2
3490	  1
3491	  0
3492	  4
3493	  1
3494	  0
3495	  4
3496	  1
3497	  0
3498	  0
3499	  0
3500	  4
3501	  2
3502	  4
3503	  0
3504	  1
3505	  1
3506	  4
3507	  1
3508	  4
3509	  1
3510	  1
3511	  2
3512	  1
3513	  1
3514	  3
3515	  4
3516	  1
3517	  4
3518	  1
3519	  0
3520	  1
3521	  0
3522	  4
3523	  1
3524	  3
3525	  4
3526	  0
3527	  0
3528	  3
3529	  0
3530	  0
3531	  3
3532	  1
3533	  0
3534	  1
3535	  4
3536	  3
3537	  3
3538	  0
3539	  1
3540	  0
3541	  1
3542	  4
3543	  2
3544	  2
3545	  4
3546	  1
3547	  0
3548	  0
3549	  2
3550	  3
3551	  0
3552	  3
3553	  1
3554	  2
3555	  2
3556	  4
3557	  1
3558	  3
3559	  4
3560	  3
3561	  1
3562	  0
3563	  1
3564	  0
3565	  1
3566	  0
3567	  0
3568	  2
3569	  0
3570	  1
3571	  3
3572	  1
3573	  2
3574	  1
3575	  4
3576	  2
3577	  2
3578	  1
3579	  3
3580	  0
3581	  0
3582	  0
3583	  0
3584	  1
3585	  1
3586	  1
3587	  1
3588	  4
3589	  0
3590	  2
3591	  1
3592	  4
3593	  0
3594	  4
3595	  0
3596	  3
3597	  4
3598	  1
3599	  3
3600	  4
3601	  2
3602	  0
3603	  0
3604	  2
3605	  0
3606	  3
3607	  3
3608	  2
3609	  4
3610	  4
3611	  2
3612	  1
3613	  2
3614	  3
3615	  2
3616	  0
3617	  0
3618	  4
3619	  1
3620	  1
3621	  3
3622	  4
3623	  4
3624	  0
3625	  0
3626	  4
3627	  2
3628	  2
3629	  2
3630	  0
3631	  1
3632	  2
3633	  0
3634	  0
3635	  1
3636	  3
3637	  3
3638	  0
3639	  3
3640	  0
3641	  4
3642	  1
3643	  2
3644	  3
3645	  0
3646	  0
3647	  1
3648	  4
3649	  4
3650	  0
3651	  4
3652	  0
3653	  3
3654	  0
3655	  2
3656	  1
3657	  0
3658	  1
3659	  0
3660	  2
3661	  0
3662	  3
3663	  2
3664	  0
3665	  2
3666	  1
3667	  2
3668	  4
3669	  1
3670	  1
3671	  3
3672	  3
3673	  0
3674	  2
3675	  3
3676	  1
3677	  0
3678	  4
3679	  4
3680	  0
3681	  1
3682	  0
3683	  4
3684	  1
3685	  4
3686	  1
3687	  3
3688	  0
3689	  3
3690	  0
3691	  0
3692	  1
3693	  1
3694	  0
3695	  0
3696	  2
3697	  1
3698	  0
3699	  0
3700	  1
3701	  4
3702	  0
3703	  0
3704	  2
3705	  4
3706	  0
3707	  0
3708	  0
3709	  1
3710	  0
3711	  2
3712	  1
3713	  0
3714	  0
3715	  2
3716	  4
3717	  1
3718	  4
3719	  0
3720	  4
3721	  1
3722	  0
3723	  0
3724	  2
3725	  4
3726	  1
3727	  1
3728	  0
3729	  2
3730	  4
3731	  4
3732	  3
3733	  0
3734	  2
3735	  1
3736	  1
3737	  0
3738	  4
3739	  3
3740	  4
3741	  1
3742	  3
3743	  1
3744	  1
3745	  1
3746	  1
3747	  0
3748	  1
3749	  2
3750	  0
3751	  1
3752	  0
3753	  4
3754	  4
3755	  0
3756	  4
3757	  1
3758	  0
3759	  4
3760	  4
3761	  4
3762	  4
3763	  4
3764	  0
3765	  4
3766	  4
3767	  2
3768	  0
3769	  1
3770	  4
3771	  1
3772	  0
3773	  2
3774	  3
3775	  4
3776	  0
3777	  4
3778	  3
3779	  4
3780	  1
3781	  2
3782	  0
3783	  4
3784	  4
3785	  1
3786	  0
3787	  4
3788	  3
3789	  0
3790	  4
3791	  0
3792	  2
3793	  2
3794	  1
3795	  1
3796	  2
3797	  2
3798	  0
3799	  0
3800	  2
3801	  3
3802	  0
3803	  2
3804	  1
3805	  0
3806	  4
3807	  0
3808	  1
3809	  4
3810	  3
3811	  2
3812	  1
3813	  1
3814	  0
3815	  0
3816	  3
3817	  0
3818	  1
3819	  4
3820	  4
3821	  2
3822	  2
3823	  4
3824	  1
3825	  4
3826	  1
3827	  1
3828	  1
3829	  0
3830	  4
3831	  2
3832	  4
3833	  1
3834	  1
3835	  4
3836	  4
3837	  1
3838	  0
3839	  1
3840	  3
3841	  3
3842	  0
3843	  2
3844	  2
3845	  1
3846	  0
3847	  0
3848	  0
3849	  4
3850	  0
3851	  2
3852	  2
3853	  0
3854	  4
3855	  0
3856	  2
3857	  0
3858	  1
3859	  0
3860	  2
3861	  3
3862	  0
3863	  4
3864	  1
3865	  4
3866	  2
3867	  1
3868	  0
3869	  2
3870	  1
3871	  0
3872	  1
3873	  3
3874	  0
3875	  1
3876	  3
3877	  4
3878	  0
3879	  0
3880	  0
3881	  4
3882	  1
3883	  3
3884	  1
3885	  3
3886	  1
3887	  0
3888	  1
3889	  0
3890	  0
3891	  4
3892	  2
3893	  0
3894	  4
3895	  3
3896	  4
3897	  0
3898	  3
3899	  1
3900	  2
3901	  2
3902	  1
3903	  1
3904	  0
3905	  4
3906	  4
3907	  4
3908	  1
3909	  0
3910	  0
3911	  2
3912	  4
3913	  2
3914	  0
3915	  1
3916	  4
3917	  0
3918	  0
3919	  4
3920	  2
3921	  1
3922	  1
3923	  1
3924	  1
3925	  4
3926	  1
3927	  2
3928	  3
3929	  4
3930	  2
3931	  4
3932	  4
3933	  2
3934	  1
3935	  2
3936	  2
3937	  4
3938	  0
3939	  0
3940	  0
3941	  0
3942	  0
3943	  1
3944	  0
3945	  2
3946	  1
3947	  2
3948	  4
3949	  0
3950	  2
3951	  4
3952	  2
3953	  1
3954	  2
3955	  3
3956	  0
3957	  2
3958	  0
3959	  3
3960	  0
3961	  4
3962	  2
3963	  0
3964	  3
3965	  0
3966	  4
3967	  4
3968	  1
3969	  4
3970	  0
3971	  2
3972	  1
3973	  1
3974	  2
3975	  0
3976	  2
3977	  4
3978	  4
3979	  4
3980	  0
3981	  0
3982	  2
3983	  1
3984	  3
3985	  4
3986	  1
3987	  4
3988	  0
3989	  0
3990	  2
3991	  0
3992	  2
3993	  0
3994	  2
3995	  4
3996	  1
3997	  4
3998	  4
3999	  2
4000	  1
4001	  3
4002	  4
4003	  2
4004	  2
4005	  3
4006	  2
4007	  4
4008	  4
4009	  0
4010	  4
4011	  3
4012	  2
4013	  2
4014	  0
