  0	  1
  1	  3
  2	  0
  3	  3
  4	  4
  5	  1
  6	  1
  7	  3
  8	  4
  9	  4
 10	  1
 11	  0
 12	  0
 13	  3
 14	  4
 15	  2
 16	  2
 17	  2
 18	  2
 19	  3
 20	  3
 21	  3
 22	  3
 23	  0
 24	  0
 25	  2
 26	  4
 27	  4
 28	  4
 29	  0
 30	  0
 31	  3
 32	  0
 33	  1
 34	  1
 35	  1
 36	  0
 37	  0
 38	  3
 39	  0
 40	  3
 41	  4
 42	  3
 43	  3
 44	  2
 45	  0
 46	  0
 47	  3
 48	  1
 49	  0
 50	  1
 51	  0
 52	  0
 53	  0
 54	  4
 55	  2
 56	  0
 57	  3
 58	  0
 59	  4
 60	  0
 61	  3
 62	  0
 63	  3
 64	  0
 65	  4
 66	  0
 67	  1
 68	  1
 69	  0
 70	  0
 71	  4
 72	  4
 73	  1
 74	  0
 75	  3
 76	  0
 77	  0
 78	  3
 79	  4
 80	  3
 81	  0
 82	  0
 83	  0
 84	  1
 85	  0
 86	  4
 87	  0
 88	  4
 89	  0
 90	  3
 91	  4
 92	  0
 93	  0
 94	  0
 95	  2
 96	  0
 97	  3
 98	  3
 99	  3
100	  3
101	  0
102	  0
103	  1
104	  2
105	  1
106	  0
107	  4
108	  1
109	  4
110	  0
111	  0
112	  0
113	  4
114	  1
115	  0
116	  0
117	  0
118	  0
119	  0
120	  1
121	  0
122	  0
123	  2
124	  2
125	  0
126	  4
127	  0
128	  3
129	  1
130	  0
131	  0
132	  1
133	  0
134	  3
135	  4
136	  0
137	  4
138	  4
139	  1
140	  4
141	  2
142	  2
143	  2
144	  0
145	  4
146	  3
147	  0
148	  4
149	  0
150	  1
151	  0
152	  0
153	  0
154	  1
155	  4
156	  0
157	  4
158	  0
159	  1
160	  0
161	  1
162	  1
163	  2
164	  1
165	  4
166	  0
167	  1
168	  3
169	  3
170	  4
171	  0
172	  3
173	  0
174	  2
175	  1
176	  4
177	  0
178	  1
179	  0
180	  4
181	  4
182	  3
183	  0
184	  4
185	  2
186	  0
187	  1
188	  0
189	  1
190	  3
191	  0
192	  1
193	  1
194	  0
195	  4
196	  3
197	  2
198	  1
199	  0
200	  3
201	  3
202	  1
203	  0
204	  0
205	  0
206	  2
207	  0
208	  0
209	  0
210	  0
211	  3
212	  4
213	  4
214	  3
215	  4
216	  4
217	  0
218	  3
219	  2
220	  4
221	  3
222	  1
223	  4
224	  0
225	  0
226	  3
227	  4
228	  3
229	  1
230	  0
231	  0
232	  1
233	  3
234	  0
235	  4
236	  3
237	  1
238	  1
239	  1
240	  0
241	  4
242	  3
243	  0
244	  0
245	  0
246	  2
247	  1
248	  0
249	  3
250	  0
251	  0
252	  0
253	  4
254	  0
255	  1
256	  0
257	  0
258	  0
259	  3
260	  0
261	  4
262	  3
263	  3
264	  0
265	  0
266	  3
267	  0
268	  3
269	  3
270	  3
271	  2
272	  3
273	  0
274	  0
275	  4
276	  1
277	  3
278	  3
279	  1
280	  0
281	  0
282	  0
283	  4
284	  0
285	  0
286	  2
287	  4
288	  4
289	  0
290	  4
291	  0
292	  1
293	  1
294	  2
295	  3
296	  0
297	  0
298	  1
299	  1
300	  3
301	  3
302	  0
303	  0
304	  1
305	  3
306	  4
307	  4
308	  3
309	  3
310	  4
311	  0
312	  4
313	  3
314	  2
315	  0
316	  2
317	  0
318	  0
319	  3
320	  4
321	  0
322	  3
323	  1
324	  0
325	  3
326	  1
327	  1
328	  3
329	  1
330	  4
331	  0
332	  3
333	  1
334	  1
335	  2
336	  3
337	  0
338	  3
339	  3
340	  0
341	  1
342	  4
343	  0
344	  0
345	  3
346	  3
347	  0
348	  0
349	  0
350	  0
351	  1
352	  0
353	  4
354	  2
355	  3
356	  1
357	  0
358	  0
359	  1
360	  3
361	  3
362	  1
363	  0
364	  1
365	  0
366	  0
367	  4
368	  0
369	  4
370	  4
371	  4
372	  3
373	  0
374	  3
375	  3
376	  2
377	  0
378	  0
379	  1
380	  1
381	  0
382	  0
383	  0
384	  1
385	  1
386	  0
387	  0
388	  0
389	  4
390	  4
391	  0
392	  2
393	  0
394	  3
395	  0
396	  4
397	  1
398	  0
399	  1
400	  4
401	  0
402	  4
403	  0
404	  4
405	  0
406	  0
407	  4
408	  3
409	  0
410	  2
411	  4
412	  3
413	  0
414	  0
415	  3
416	  0
417	  2
418	  1
419	  0
420	  0
421	  1
422	  3
423	  3
424	  0
425	  4
426	  0
427	  0
428	  3
429	  0
430	  0
431	  0
432	  1
433	  0
434	  0
435	  0
436	  0
437	  4
438	  0
439	  0
440	  1
441	  1
442	  3
443	  4
444	  0
445	  2
446	  1
447	  0
448	  1
449	  3
450	  1
451	  0
452	  0
453	  1
454	  3
455	  3
456	  1
457	  0
458	  3
459	  0
460	  0
461	  3
462	  3
463	  4
464	  3
465	  1
466	  0
467	  0
468	  2
469	  1
470	  0
471	  3
472	  0
473	  3
474	  0
475	  1
476	  1
477	  1
478	  4
479	  3
480	  0
481	  1
482	  4
483	  4
484	  0
485	  4
486	  1
487	  0
488	  3
489	  2
490	  0
491	  0
492	  0
493	  3
494	  0
495	  1
496	  2
497	  1
498	  2
499	  1
500	  0
501	  1
502	  4
503	  0
504	  0
505	  0
506	  0
507	  0
508	  4
509	  1
510	  3
511	  4
512	  1
513	  3
514	  0
515	  1
516	  3
517	  1
518	  4
519	  4
520	  3
521	  3
522	  0
523	  4
524	  4
525	  0
526	  3
527	  2
528	  4
529	  4
530	  0
531	  4
532	  0
533	  0
534	  3
535	  0
536	  3
537	  3
538	  0
539	  3
540	  0
541	  0
542	  4
543	  0
544	  0
545	  4
546	  3
547	  0
548	  2
549	  3
550	  0
551	  0
552	  3
553	  3
554	  4
555	  4
556	  0
557	  0
558	  3
559	  3
560	  2
561	  1
562	  0
563	  3
564	  0
565	  3
566	  4
567	  0
568	  0
569	  1
570	  4
571	  1
572	  0
573	  3
574	  0
575	  2
576	  2
577	  3
578	  4
579	  1
580	  3
581	  2
582	  3
583	  0
584	  4
585	  1
586	  0
587	  0
588	  0
589	  3
590	  4
591	  3
592	  3
593	  0
594	  0
595	  3
596	  0
597	  0
598	  0
599	  0
600	  4
601	  2
602	  0
603	  3
604	  0
605	  1
606	  0
607	  0
608	  4
609	  0
610	  0
611	  0
612	  1
613	  0
614	  0
615	  4
616	  1
617	  0
618	  3
619	  3
620	  2
621	  4
622	  1
623	  1
624	  0
625	  1
626	  0
627	  0
628	  3
629	  0
630	  1
631	  0
632	  0
633	  3
634	  0
635	  1
636	  0
637	  0
638	  0
639	  4
640	  4
641	  4
642	  4
643	  3
644	  3
645	  3
646	  0
647	  0
648	  1
649	  0
650	  2
651	  0
652	  0
653	  3
654	  1
655	  4
656	  3
657	  3
658	  2
659	  4
660	  0
661	  0
662	  4
663	  1
664	  2
665	  3
666	  4
667	  0
668	  0
669	  0
670	  4
671	  3
672	  0
673	  3
674	  3
675	  4
676	  1
677	  0
678	  4
679	  1
680	  0
681	  0
682	  3
683	  0
684	  3
685	  0
686	  0
687	  0
688	  0
689	  2
690	  1
691	  3
692	  0
693	  0
694	  2
695	  3
696	  0
697	  2
698	  0
699	  4
700	  1
701	  3
702	  3
703	  3
704	  1
705	  0
706	  1
707	  0
708	  0
709	  3
710	  0
711	  0
712	  3
713	  0
714	  3
715	  0
716	  4
717	  4
718	  4
719	  1
720	  0
721	  0
722	  2
723	  4
724	  1
725	  3
726	  0
727	  4
728	  1
729	  4
730	  3
731	  0
732	  0
733	  4
734	  0
735	  1
736	  0
737	  0
738	  0
739	  4
740	  0
741	  1
742	  3
743	  0
744	  0
745	  0
746	  0
747	  1
748	  4
749	  4
750	  3
751	  3
752	  0
753	  0
754	  3
755	  0
756	  1
757	  0
758	  3
759	  3
760	  0
761	  0
762	  3
763	  1
764	  1
765	  3
766	  1
767	  4
768	  0
769	  3
770	  0
771	  3
772	  4
773	  3
774	  2
775	  0
776	  0
777	  3
778	  1
779	  0
780	  0
781	  0
782	  3
783	  0
784	  4
785	  0
786	  4
787	  3
788	  3
789	  3
790	  1
791	  3
792	  0
793	  1
794	  3
795	  0
796	  0
797	  1
798	  2
799	  0
800	  3
801	  0
802	  4
803	  3
804	  0
805	  4
806	  2
807	  3
808	  3
809	  0
810	  1
811	  4
812	  0
813	  0
814	  2
815	  4
816	  0
817	  0
818	  3
819	  4
820	  0
821	  0
822	  2
823	  0
824	  0
825	  3
826	  4
827	  3
828	  0
829	  0
830	  0
831	  3
832	  3
833	  0
834	  0
835	  0
836	  0
837	  1
838	  0
839	  0
840	  0
841	  1
842	  1
843	  0
844	  4
845	  3
846	  1
847	  0
848	  0
849	  4
850	  0
851	  0
852	  0
853	  4
854	  1
855	  4
856	  3
857	  1
858	  0
859	  0
860	  2
861	  2
862	  3
863	  0
864	  3
865	  0
866	  0
867	  0
868	  1
869	  4
870	  2
871	  3
872	  3
873	  0
874	  0
875	  0
876	  0
877	  1
878	  1
879	  2
880	  1
881	  0
882	  0
883	  2
884	  0
885	  1
886	  0
887	  0
888	  0
889	  3
890	  0
891	  4
892	  3
893	  4
894	  0
895	  0
896	  3
897	  4
898	  0
899	  0
900	  0
901	  0
902	  1
903	  2
904	  1
905	  0
906	  0
907	  0
908	  1
909	  0
910	  0
911	  0
912	  0
913	  4
914	  4
915	  3
916	  1
917	  3
918	  0
919	  0
920	  0
921	  1
922	  0
923	  1
924	  0
925	  0
926	  4
927	  0
928	  4
929	  1
930	  0
931	  3
932	  1
933	  0
934	  0
935	  0
936	  1
937	  4
938	  0
939	  3
940	  3
941	  2
942	  0
943	  0
944	  3
945	  0
946	  3
947	  3
948	  2
949	  0
950	  0
951	  3
952	  0
953	  0
954	  0
955	  4
956	  0
957	  2
958	  3
959	  1
960	  1
961	  0
962	  4
963	  1
964	  0
965	  0
966	  0
967	  0
968	  0
969	  1
970	  3
971	  4
972	  2
973	  3
974	  0
975	  0
976	  2
977	  3
978	  0
979	  0
980	  0
981	  0
982	  0
983	  1
984	  0
985	  3
986	  3
987	  3
988	  1
989	  0
990	  0
991	  0
992	  4
993	  1
994	  0
995	  3
996	  4
997	  3
998	  1
999	  3
1000	  4
1001	  4
1002	  1
1003	  0
1004	  1
1005	  4
1006	  0
1007	  0
1008	  0
1009	  0
1010	  4
1011	  4
1012	  3
1013	  0
1014	  0
1015	  0
1016	  0
1017	  0
1018	  0
1019	  3
1020	  3
1021	  4
1022	  3
1023	  0
1024	  0
1025	  0
1026	  0
1027	  1
1028	  1
1029	  3
1030	  0
1031	  0
1032	  1
1033	  1
1034	  2
1035	  0
1036	  0
1037	  3
1038	  3
1039	  0
1040	  0
1041	  3
1042	  1
1043	  3
1044	  0
1045	  1
1046	  0
1047	  4
1048	  0
1049	  3
1050	  1
1051	  3
1052	  4
1053	  0
1054	  1
1055	  0
1056	  0
1057	  3
1058	  3
1059	  1
1060	  4
1061	  0
1062	  4
1063	  4
1064	  0
1065	  4
1066	  0
1067	  0
1068	  4
1069	  2
1070	  3
1071	  0
1072	  1
1073	  4
1074	  0
1075	  0
1076	  0
1077	  0
1078	  4
1079	  0
1080	  1
1081	  0
1082	  0
1083	  3
1084	  1
1085	  0
1086	  0
1087	  3
1088	  4
1089	  1
1090	  4
1091	  3
1092	  2
1093	  0
1094	  0
1095	  0
1096	  3
1097	  0
1098	  0
1099	  0
1100	  1
1101	  0
1102	  0
1103	  0
1104	  3
1105	  1
1106	  0
1107	  0
1108	  4
1109	  1
1110	  0
1111	  0
1112	  4
1113	  1
1114	  4
1115	  1
1116	  1
1117	  0
1118	  2
1119	  0
1120	  4
1121	  0
1122	  0
1123	  4
1124	  3
1125	  0
1126	  3
1127	  3
1128	  0
1129	  2
1130	  0
1131	  3
1132	  4
1133	  0
1134	  3
1135	  0
1136	  3
1137	  0
1138	  0
1139	  0
1140	  2
1141	  0
1142	  0
1143	  0
1144	  0
1145	  4
1146	  0
1147	  1
1148	  0
1149	  1
1150	  0
1151	  0
1152	  0
1153	  1
1154	  3
1155	  0
1156	  4
1157	  0
1158	  3
1159	  0
1160	  3
1161	  0
1162	  3
1163	  2
1164	  0
1165	  0
1166	  4
1167	  0
1168	  0
1169	  0
1170	  0
1171	  2
1172	  0
1173	  1
1174	  2
1175	  0
1176	  0
1177	  0
1178	  0
1179	  4
1180	  0
1181	  1
1182	  3
1183	  4
1184	  1
1185	  0
1186	  1
1187	  4
1188	  0
1189	  0
1190	  0
1191	  1
1192	  0
1193	  1
1194	  0
1195	  0
1196	  0
1197	  1
1198	  0
1199	  3
1200	  1
1201	  4
1202	  1
1203	  1
1204	  0
1205	  3
1206	  0
1207	  0
1208	  2
1209	  1
1210	  3
1211	  3
1212	  0
1213	  0
1214	  2
1215	  1
1216	  2
1217	  0
1218	  4
1219	  1
1220	  0
1221	  1
1222	  1
1223	  0
1224	  0
1225	  0
1226	  4
1227	  2
1228	  0
1229	  0
1230	  0
1231	  0
1232	  3
1233	  0
1234	  3
1235	  0
1236	  3
1237	  1
1238	  0
1239	  0
1240	  1
1241	  1
1242	  2
1243	  4
1244	  0
1245	  3
1246	  0
1247	  0
1248	  4
1249	  1
1250	  2
1251	  1
1252	  3
1253	  1
1254	  3
1255	  0
1256	  1
1257	  3
1258	  0
1259	  0
1260	  0
1261	  4
1262	  0
1263	  3
1264	  1
1265	  4
1266	  0
1267	  3
1268	  2
1269	  4
1270	  0
1271	  1
1272	  0
1273	  1
1274	  1
1275	  0
1276	  1
1277	  1
1278	  0
1279	  3
1280	  4
1281	  0
1282	  3
1283	  3
1284	  2
1285	  0
1286	  0
1287	  1
1288	  3
1289	  4
1290	  0
1291	  0
1292	  1
1293	  0
1294	  0
1295	  0
1296	  1
1297	  3
1298	  0
1299	  0
1300	  0
1301	  4
1302	  0
1303	  3
1304	  0
1305	  1
1306	  0
1307	  4
1308	  1
1309	  0
1310	  3
1311	  4
1312	  0
1313	  3
1314	  2
1315	  1
1316	  0
1317	  4
1318	  2
1319	  0
1320	  0
1321	  3
1322	  0
1323	  0
1324	  0
1325	  1
1326	  4
1327	  0
1328	  0
1329	  4
1330	  3
1331	  3
1332	  0
1333	  3
1334	  0
1335	  0
1336	  2
1337	  3
1338	  0
1339	  1
1340	  0
1341	  1
1342	  1
1343	  3
1344	  0
1345	  3
1346	  0
1347	  2
1348	  1
1349	  0
1350	  3
1351	  0
1352	  4
1353	  4
1354	  3
1355	  4
1356	  0
1357	  0
1358	  4
1359	  0
1360	  2
1361	  4
1362	  0
1363	  0
1364	  0
1365	  3
1366	  0
1367	  0
1368	  1
1369	  4
1370	  0
1371	  0
1372	  0
1373	  0
1374	  4
1375	  1
1376	  0
1377	  4
1378	  3
1379	  1
1380	  0
1381	  4
1382	  0
1383	  0
1384	  3
1385	  0
1386	  2
1387	  0
1388	  0
1389	  1
1390	  4
1391	  1
1392	  1
1393	  0
1394	  0
1395	  1
1396	  1
1397	  3
1398	  4
1399	  1
1400	  0
1401	  3
1402	  4
1403	  0
1404	  0
1405	  3
1406	  3
1407	  4
1408	  0
1409	  3
1410	  0
1411	  3
1412	  1
1413	  4
1414	  4
1415	  4
1416	  3
1417	  1
1418	  1
1419	  1
1420	  0
1421	  3
1422	  3
1423	  0
1424	  0
1425	  3
1426	  0
1427	  4
1428	  3
1429	  0
1430	  0
1431	  0
1432	  0
1433	  2
1434	  2
1435	  0
1436	  0
1437	  1
1438	  4
1439	  3
1440	  4
1441	  0
1442	  0
1443	  0
1444	  0
1445	  3
1446	  3
1447	  4
1448	  0
1449	  2
1450	  1
1451	  4
1452	  3
1453	  0
1454	  3
1455	  4
1456	  4
1457	  0
1458	  0
1459	  1
1460	  0
1461	  0
1462	  4
1463	  0
1464	  0
1465	  2
1466	  3
1467	  0
1468	  2
1469	  4
1470	  1
1471	  0
1472	  1
1473	  3
1474	  0
1475	  4
1476	  4
1477	  0
1478	  3
1479	  0
1480	  1
1481	  3
1482	  1
1483	  1
1484	  1
1485	  4
1486	  0
1487	  4
1488	  0
1489	  3
1490	  4
1491	  4
1492	  0
1493	  0
1494	  1
1495	  0
1496	  2
1497	  3
1498	  0
1499	  0
1500	  1
1501	  1
1502	  0
1503	  0
1504	  0
1505	  1
1506	  0
1507	  1
1508	  0
1509	  1
1510	  0
1511	  4
1512	  4
1513	  3
1514	  0
1515	  0
1516	  0
1517	  4
1518	  2
1519	  0
1520	  3
1521	  2
1522	  4
1523	  1
1524	  0
1525	  3
1526	  1
1527	  0
1528	  4
1529	  4
1530	  3
1531	  0
1532	  0
1533	  0
1534	  1
1535	  4
1536	  2
1537	  1
1538	  4
1539	  1
1540	  0
1541	  0
1542	  0
1543	  3
1544	  1
1545	  3
1546	  3
1547	  0
1548	  0
1549	  1
1550	  0
1551	  3
1552	  0
1553	  3
1554	  1
1555	  0
1556	  0
1557	  0
1558	  2
1559	  4
1560	  0
1561	  1
1562	  3
1563	  3
1564	  0
1565	  0
1566	  0
1567	  0
1568	  0
1569	  1
1570	  4
1571	  0
1572	  2
1573	  0
1574	  4
1575	  0
1576	  0
1577	  1
1578	  2
1579	  2
1580	  0
1581	  3
1582	  0
1583	  0
1584	  0
1585	  0
1586	  4
1587	  0
1588	  4
1589	  0
1590	  3
1591	  4
1592	  0
1593	  0
1594	  1
1595	  0
1596	  4
1597	  1
1598	  1
1599	  0
1600	  1
1601	  2
1602	  4
1603	  1
1604	  1
1605	  4
1606	  0
1607	  4
1608	  0
1609	  1
1610	  4
1611	  0
1612	  2
1613	  3
1614	  0
1615	  4
1616	  3
1617	  0
1618	  4
1619	  0
1620	  2
1621	  4
1622	  1
1623	  0
1624	  2
1625	  0
1626	  1
1627	  4
1628	  0
1629	  1
1630	  3
1631	  4
1632	  0
1633	  1
1634	  0
1635	  3
1636	  3
1637	  3
1638	  1
1639	  0
1640	  2
1641	  0
1642	  4
1643	  0
1644	  3
1645	  3
1646	  0
1647	  0
1648	  1
1649	  1
1650	  0
1651	  2
1652	  3
1653	  0
1654	  4
1655	  1
1656	  0
1657	  0
1658	  0
1659	  1
1660	  1
1661	  3
1662	  2
1663	  1
1664	  3
1665	  0
1666	  4
1667	  4
1668	  0
1669	  1
1670	  1
1671	  4
1672	  0
1673	  0
1674	  4
1675	  3
1676	  3
1677	  1
1678	  4
1679	  3
1680	  0
1681	  0
1682	  3
1683	  4
1684	  0
1685	  0
1686	  4
1687	  4
1688	  0
1689	  2
1690	  4
1691	  4
1692	  1
1693	  0
1694	  0
1695	  2
1696	  0
1697	  3
1698	  2
1699	  2
1700	  4
1701	  0
1702	  1
1703	  3
1704	  3
1705	  0
1706	  0
1707	  0
1708	  4
1709	  1
1710	  2
1711	  1
1712	  1
1713	  0
1714	  0
1715	  3
1716	  4
1717	  2
1718	  0
1719	  4
1720	  1
1721	  0
1722	  4
1723	  3
1724	  2
1725	  2
1726	  1
1727	  4
1728	  3
1729	  0
1730	  0
1731	  0
1732	  3
1733	  0
1734	  1
1735	  0
1736	  1
1737	  4
1738	  4
1739	  0
1740	  3
1741	  2
1742	  1
1743	  0
1744	  1
1745	  0
1746	  2
1747	  0
1748	  0
1749	  3
1750	  3
1751	  2
1752	  0
1753	  4
1754	  4
1755	  0
1756	  1
1757	  0
1758	  0
1759	  4
1760	  4
1761	  0
1762	  0
1763	  0
1764	  3
1765	  1
1766	  4
1767	  2
1768	  1
1769	  3
1770	  3
1771	  3
1772	  3
1773	  0
1774	  0
1775	  0
1776	  1
1777	  4
1778	  0
1779	  0
1780	  0
1781	  3
1782	  3
1783	  0
1784	  1
1785	  3
1786	  3
1787	  1
1788	  0
1789	  0
1790	  0
1791	  4
1792	  0
1793	  0
1794	  1
1795	  1
1796	  4
1797	  0
1798	  0
1799	  0
1800	  1
1801	  3
1802	  3
1803	  0
1804	  0
1805	  4
1806	  0
1807	  0
1808	  1
1809	  0
1810	  0
1811	  0
1812	  3
1813	  2
1814	  0
1815	  4
1816	  4
1817	  3
1818	  1
1819	  0
1820	  4
1821	  2
1822	  3
1823	  0
1824	  1
1825	  4
1826	  3
1827	  1
1828	  1
1829	  3
1830	  4
1831	  4
1832	  0
1833	  0
1834	  0
1835	  0
1836	  3
1837	  3
1838	  4
1839	  0
1840	  3
1841	  0
1842	  0
1843	  1
1844	  0
1845	  0
1846	  3
1847	  3
1848	  1
1849	  3
1850	  4
1851	  3
1852	  4
1853	  1
1854	  0
1855	  1
1856	  4
1857	  0
1858	  0
1859	  4
1860	  2
1861	  3
1862	  4
1863	  0
1864	  0
1865	  0
1866	  4
1867	  1
1868	  0
1869	  0
1870	  0
1871	  1
1872	  0
1873	  0
1874	  1
1875	  0
1876	  0
1877	  0
1878	  3
1879	  4
1880	  0
1881	  4
1882	  2
1883	  0
1884	  4
1885	  4
1886	  0
1887	  2
1888	  1
1889	  0
1890	  0
1891	  2
1892	  1
1893	  2
1894	  4
1895	  0
1896	  0
1897	  4
1898	  4
1899	  1
1900	  3
1901	  1
1902	  2
1903	  2
1904	  4
1905	  0
1906	  1
1907	  0
1908	  1
1909	  1
1910	  1
1911	  0
1912	  4
1913	  0
1914	  0
1915	  0
1916	  0
1917	  1
1918	  2
1919	  0
1920	  4
1921	  0
1922	  1
1923	  0
1924	  1
1925	  3
1926	  1
1927	  1
1928	  0
1929	  0
1930	  3
1931	  0
1932	  0
1933	  3
1934	  1
1935	  1
1936	  1
1937	  2
1938	  4
1939	  4
1940	  2
1941	  3
1942	  1
1943	  0
1944	  3
1945	  0
1946	  1
1947	  1
1948	  0
1949	  1
1950	  4
1951	  4
1952	  3
1953	  4
1954	  0
1955	  1
1956	  0
1957	  4
1958	  0
1959	  0
1960	  0
1961	  0
1962	  2
1963	  0
1964	  0
1965	  0
1966	  3
1967	  0
1968	  4
1969	  2
1970	  3
1971	  0
1972	  4
1973	  1
1974	  0
1975	  4
1976	  0
1977	  1
1978	  4
1979	  1
1980	  3
1981	  1
1982	  0
1983	  1
1984	  2
1985	  4
1986	  4
1987	  0
1988	  4
1989	  0
1990	  0
1991	  3
1992	  0
1993	  0
1994	  1
1995	  3
1996	  4
1997	  0
1998	  0
1999	  2
2000	  0
2001	  2
2002	  3
2003	  3
2004	  1
2005	  4
2006	  0
2007	  2
2008	  0
2009	  4
2010	  0
2011	  2
2012	  0
2013	  1
2014	  1
2015	  3
2016	  0
2017	  4
2018	  3
2019	  3
2020	  4
2021	  4
2022	  3
2023	  2
2024	  4
2025	  1
2026	  3
2027	  3
2028	  0
2029	  0
2030	  0
2031	  0
2032	  3
2033	  3
2034	  0
2035	  1
2036	  0
2037	  0
2038	  0
2039	  0
2040	  4
2041	  1
2042	  0
2043	  0
2044	  1
2045	  0
2046	  3
2047	  0
2048	  0
2049	  1
2050	  3
2051	  4
2052	  1
2053	  0
2054	  0
2055	  1
2056	  1
2057	  4
2058	  3
2059	  1
2060	  4
2061	  0
2062	  4
2063	  0
2064	  3
2065	  0
2066	  1
2067	  0
2068	  1
2069	  0
2070	  0
2071	  3
2072	  0
2073	  0
2074	  0
2075	  3
2076	  0
2077	  3
2078	  3
2079	  0
2080	  0
2081	  0
2082	  1
2083	  0
2084	  4
2085	  4
2086	  2
2087	  3
2088	  4
2089	  1
2090	  4
2091	  1
2092	  3
2093	  1
2094	  0
2095	  3
2096	  1
2097	  3
2098	  0
2099	  4
2100	  2
2101	  4
2102	  1
2103	  3
2104	  0
2105	  3
2106	  1
2107	  4
2108	  4
2109	  0
2110	  2
2111	  0
2112	  1
2113	  0
2114	  3
2115	  0
2116	  1
2117	  1
2118	  0
2119	  0
2120	  3
2121	  1
2122	  0
2123	  4
2124	  3
2125	  1
2126	  1
2127	  0
2128	  1
2129	  0
2130	  2
2131	  0
2132	  1
2133	  0
2134	  2
2135	  3
2136	  2
2137	  3
2138	  3
2139	  1
2140	  0
2141	  0
2142	  0
2143	  4
2144	  0
2145	  3
2146	  0
2147	  0
2148	  0
2149	  3
2150	  3
2151	  3
2152	  4
2153	  3
2154	  0
2155	  0
2156	  3
2157	  2
2158	  1
2159	  4
2160	  1
2161	  0
2162	  1
2163	  3
2164	  1
2165	  0
2166	  1
2167	  0
2168	  0
2169	  0
2170	  0
2171	  0
2172	  1
2173	  4
2174	  4
2175	  0
2176	  0
2177	  3
2178	  3
2179	  1
2180	  4
2181	  1
2182	  0
2183	  4
2184	  3
2185	  0
2186	  2
2187	  0
2188	  0
2189	  1
2190	  1
2191	  0
2192	  1
2193	  4
2194	  0
2195	  0
2196	  1
2197	  1
2198	  2
2199	  4
2200	  0
2201	  3
2202	  0
2203	  0
2204	  0
2205	  3
2206	  4
2207	  4
2208	  3
2209	  4
2210	  1
2211	  0
2212	  2
2213	  4
2214	  2
2215	  2
2216	  0
2217	  0
2218	  3
2219	  0
2220	  4
2221	  0
2222	  4
2223	  2
2224	  1
2225	  0
2226	  0
2227	  0
2228	  0
2229	  0
2230	  4
2231	  0
2232	  0
2233	  0
2234	  4
2235	  1
2236	  3
2237	  3
2238	  1
2239	  3
2240	  0
2241	  4
2242	  4
2243	  3
2244	  1
2245	  0
2246	  3
2247	  4
2248	  0
2249	  4
2250	  4
2251	  0
2252	  1
2253	  1
2254	  3
2255	  4
2256	  0
2257	  0
2258	  0
2259	  0
2260	  0
2261	  0
2262	  4
2263	  4
2264	  1
2265	  1
2266	  4
2267	  3
2268	  1
2269	  0
2270	  2
2271	  1
2272	  4
2273	  3
2274	  3
2275	  3
2276	  0
2277	  1
2278	  0
2279	  2
2280	  0
2281	  0
2282	  3
2283	  0
2284	  0
2285	  0
2286	  0
2287	  0
2288	  3
2289	  0
2290	  2
2291	  4
2292	  4
2293	  0
2294	  3
2295	  0
2296	  0
2297	  0
2298	  1
2299	  3
2300	  0
2301	  4
2302	  2
2303	  2
2304	  1
2305	  4
2306	  3
2307	  0
2308	  2
2309	  3
2310	  3
2311	  0
2312	  2
2313	  0
2314	  3
2315	  0
2316	  3
2317	  0
2318	  0
2319	  0
2320	  0
2321	  0
2322	  4
2323	  3
2324	  1
2325	  1
2326	  1
2327	  0
2328	  0
2329	  0
2330	  0
2331	  4
2332	  0
2333	  4
2334	  3
2335	  2
2336	  2
2337	  3
2338	  0
2339	  1
2340	  1
2341	  1
2342	  0
2343	  1
2344	  0
2345	  0
2346	  0
2347	  0
2348	  2
2349	  1
2350	  4
2351	  4
2352	  4
2353	  3
2354	  1
2355	  1
2356	  2
2357	  1
2358	  3
2359	  4
2360	  3
2361	  0
2362	  2
2363	  1
2364	  1
2365	  0
2366	  0
2367	  0
2368	  4
2369	  1
2370	  0
2371	  4
2372	  1
2373	  4
2374	  0
2375	  0
2376	  0
2377	  3
2378	  0
2379	  0
2380	  2
2381	  4
2382	  1
2383	  4
2384	  4
2385	  4
2386	  0
2387	  3
2388	  4
2389	  1
2390	  1
2391	  1
2392	  0
2393	  0
2394	  2
2395	  2
2396	  3
2397	  1
2398	  3
2399	  4
2400	  3
2401	  1
2402	  0
2403	  2
2404	  0
2405	  0
2406	  3
2407	  3
2408	  0
2409	  0
2410	  3
2411	  0
2412	  4
2413	  4
2414	  4
2415	  0
2416	  0
2417	  1
2418	  2
2419	  0
2420	  1
2421	  0
2422	  3
2423	  1
2424	  3
2425	  4
2426	  0
2427	  2
2428	  3
2429	  3
2430	  0
2431	  0
2432	  0
2433	  4
2434	  0
2435	  1
2436	  0
2437	  4
2438	  0
2439	  1
2440	  2
2441	  1
2442	  0
2443	  1
2444	  4
2445	  4
2446	  0
2447	  0
2448	  1
2449	  3
2450	  0
2451	  3
2452	  2
2453	  3
2454	  0
2455	  0
2456	  0
2457	  4
2458	  3
2459	  1
2460	  4
2461	  3
2462	  0
2463	  2
2464	  0
2465	  0
2466	  3
2467	  0
2468	  1
2469	  0
2470	  0
2471	  4
2472	  0
2473	  0
2474	  3
2475	  3
2476	  0
2477	  0
2478	  1
2479	  3
2480	  0
2481	  1
2482	  0
2483	  0
2484	  0
2485	  0
2486	  0
2487	  4
2488	  2
2489	  0
2490	  1
2491	  0
2492	  0
2493	  2
2494	  3
2495	  3
2496	  4
2497	  0
2498	  0
2499	  0
2500	  1
2501	  0
2502	  0
2503	  0
2504	  4
2505	  1
2506	  0
2507	  0
2508	  0
2509	  3
2510	  3
2511	  0
2512	  1
2513	  2
2514	  0
2515	  0
2516	  0
2517	  0
2518	  0
2519	  0
2520	  4
2521	  0
2522	  3
2523	  3
2524	  0
2525	  1
2526	  0
2527	  4
2528	  0
2529	  0
2530	  3
2531	  4
2532	  4
2533	  0
2534	  0
2535	  0
2536	  3
2537	  0
2538	  4
2539	  4
2540	  3
2541	  3
2542	  0
2543	  0
2544	  3
2545	  2
2546	  1
2547	  3
2548	  0
2549	  1
2550	  2
2551	  0
2552	  0
2553	  1
2554	  0
2555	  1
2556	  0
2557	  0
2558	  0
2559	  4
2560	  0
2561	  1
2562	  0
2563	  4
2564	  1
2565	  0
2566	  4
2567	  3
2568	  1
2569	  0
2570	  3
2571	  0
2572	  4
2573	  1
2574	  4
2575	  1
2576	  1
2577	  0
2578	  4
2579	  3
2580	  0
2581	  0
2582	  2
2583	  2
2584	  3
2585	  1
2586	  4
2587	  3
2588	  3
2589	  4
2590	  3
2591	  2
2592	  0
2593	  0
2594	  3
2595	  0
2596	  1
2597	  0
2598	  0
2599	  0
2600	  0
2601	  2
2602	  4
2603	  0
2604	  2
2605	  0
2606	  4
2607	  3
2608	  1
2609	  1
2610	  0
2611	  0
2612	  4
2613	  4
2614	  1
2615	  3
2616	  4
2617	  0
2618	  3
2619	  0
2620	  4
2621	  0
2622	  1
2623	  3
2624	  1
2625	  3
2626	  0
2627	  3
2628	  0
2629	  2
2630	  0
2631	  0
2632	  1
2633	  1
2634	  1
2635	  0
2636	  3
2637	  4
2638	  0
2639	  3
2640	  4
2641	  3
2642	  3
2643	  0
2644	  1
2645	  3
2646	  3
2647	  0
2648	  4
2649	  0
2650	  1
2651	  1
2652	  0
2653	  3
2654	  0
2655	  0
2656	  4
2657	  0
2658	  1
2659	  4
2660	  0
2661	  1
2662	  3
2663	  4
2664	  1
2665	  4
2666	  0
2667	  0
2668	  1
2669	  3
2670	  3
2671	  0
2672	  2
2673	  0
2674	  3
2675	  3
2676	  2
2677	  3
2678	  0
2679	  0
2680	  0
2681	  0
2682	  1
2683	  0
2684	  0
2685	  3
2686	  1
2687	  3
2688	  1
2689	  0
2690	  3
2691	  2
2692	  0
2693	  3
2694	  3
2695	  0
2696	  0
2697	  1
2698	  0
2699	  0
2700	  0
2701	  1
2702	  4
2703	  0
2704	  3
2705	  2
2706	  3
2707	  1
2708	  0
2709	  1
2710	  1
2711	  1
2712	  0
2713	  3
2714	  4
2715	  4
2716	  4
2717	  4
2718	  0
2719	  0
2720	  4
2721	  0
2722	  0
2723	  0
2724	  2
2725	  0
2726	  0
2727	  0
2728	  0
2729	  4
2730	  1
2731	  4
2732	  0
2733	  0
2734	  3
2735	  0
2736	  0
2737	  0
2738	  3
2739	  0
2740	  4
2741	  2
2742	  1
2743	  4
2744	  0
2745	  0
2746	  4
2747	  4
2748	  1
2749	  3
2750	  1
2751	  3
2752	  4
2753	  3
2754	  0
2755	  0
2756	  3
2757	  2
2758	  4
2759	  0
2760	  0
2761	  1
2762	  3
2763	  0
2764	  0
2765	  4
2766	  0
2767	  1
2768	  0
2769	  0
2770	  3
2771	  1
2772	  2
2773	  4
2774	  1
2775	  3
2776	  2
2777	  1
2778	  1
2779	  4
2780	  4
2781	  4
2782	  0
2783	  4
2784	  1
2785	  0
2786	  3
2787	  3
2788	  4
2789	  3
2790	  4
2791	  0
2792	  4
2793	  4
2794	  0
2795	  3
2796	  1
2797	  3
2798	  3
2799	  1
2800	  1
2801	  3
2802	  1
2803	  4
2804	  0
2805	  4
2806	  0
2807	  3
2808	  3
2809	  0
2810	  4
2811	  4
2812	  0
2813	  0
2814	  1
2815	  4
2816	  4
2817	  1
2818	  0
2819	  3
2820	  4
2821	  4
2822	  0
2823	  1
2824	  1
2825	  0
2826	  0
2827	  3
2828	  0
2829	  0
2830	  4
2831	  0
2832	  4
2833	  0
2834	  3
2835	  0
2836	  3
2837	  1
2838	  4
2839	  0
2840	  3
2841	  0
2842	  0
2843	  1
2844	  0
2845	  1
2846	  4
2847	  0
2848	  1
2849	  1
2850	  4
2851	  4
2852	  4
2853	  1
2854	  0
2855	  0
2856	  3
2857	  3
2858	  4
2859	  0
2860	  0
2861	  0
2862	  0
2863	  4
2864	  1
2865	  1
2866	  4
2867	  1
2868	  3
2869	  0
2870	  4
2871	  4
2872	  1
2873	  0
2874	  1
2875	  1
2876	  2
2877	  1
2878	  1
2879	  0
2880	  0
2881	  0
2882	  0
2883	  0
2884	  0
2885	  3
2886	  0
2887	  1
2888	  4
2889	  0
2890	  4
2891	  0
2892	  1
2893	  4
2894	  4
2895	  0
2896	  2
2897	  0
2898	  0
2899	  2
2900	  0
2901	  0
2902	  2
2903	  0
2904	  4
2905	  0
2906	  3
2907	  4
2908	  2
2909	  0
2910	  0
2911	  0
2912	  0
2913	  3
2914	  1
2915	  3
2916	  3
2917	  0
2918	  0
2919	  2
2920	  4
2921	  0
2922	  0
2923	  0
2924	  0
2925	  1
2926	  2
2927	  1
2928	  1
2929	  1
2930	  0
2931	  4
2932	  0
2933	  0
2934	  3
2935	  4
2936	  0
2937	  3
2938	  0
2939	  3
2940	  3
2941	  0
2942	  3
2943	  1
2944	  0
2945	  0
2946	  0
2947	  1
2948	  0
2949	  0
2950	  0
2951	  4
2952	  4
2953	  0
2954	  4
2955	  3
2956	  0
2957	  3
2958	  3
2959	  1
2960	  0
2961	  3
2962	  0
2963	  3
2964	  2
2965	  1
2966	  4
2967	  4
2968	  0
2969	  4
2970	  4
2971	  3
2972	  1
2973	  0
2974	  3
2975	  0
2976	  3
2977	  1
2978	  0
2979	  1
2980	  0
2981	  2
2982	  0
2983	  0
2984	  3
2985	  2
2986	  0
2987	  4
2988	  4
2989	  2
2990	  0
2991	  0
2992	  0
2993	  1
2994	  0
2995	  3
2996	  4
2997	  0
2998	  0
2999	  4
3000	  0
3001	  0
3002	  4
3003	  0
3004	  0
3005	  3
3006	  1
3007	  4
3008	  4
3009	  1
3010	  4
3011	  0
3012	  1
3013	  2
3014	  1
3015	  1
3016	  4
3017	  3
3018	  0
3019	  2
3020	  0
3021	  2
3022	  0
3023	  0
3024	  0
3025	  1
3026	  1
3027	  1
3028	  2
3029	  0
3030	  1
3031	  0
3032	  0
3033	  2
3034	  1
3035	  2
3036	  3
3037	  1
3038	  0
3039	  1
3040	  1
3041	  0
3042	  0
3043	  0
3044	  0
3045	  0
3046	  0
3047	  1
3048	  4
3049	  0
3050	  3
3051	  3
3052	  3
3053	  0
3054	  0
3055	  0
3056	  4
3057	  0
3058	  3
3059	  0
3060	  4
3061	  4
3062	  1
3063	  3
3064	  1
3065	  3
3066	  1
3067	  0
3068	  0
3069	  0
3070	  0
3071	  1
3072	  3
3073	  0
3074	  3
3075	  0
3076	  1
3077	  1
3078	  4
3079	  3
3080	  1
3081	  4
3082	  3
3083	  0
3084	  3
3085	  3
3086	  3
3087	  0
3088	  0
3089	  0
3090	  3
3091	  4
3092	  3
3093	  2
3094	  0
3095	  3
3096	  1
3097	  0
3098	  4
3099	  0
3100	  2
3101	  0
3102	  0
3103	  2
3104	  0
3105	  0
3106	  1
3107	  0
3108	  3
3109	  0
3110	  1
3111	  3
3112	  0
3113	  3
3114	  0
3115	  4
3116	  1
3117	  1
3118	  0
3119	  4
3120	  0
3121	  0
3122	  0
3123	  0
3124	  2
3125	  0
3126	  1
3127	  0
3128	  4
3129	  0
3130	  0
3131	  3
3132	  3
3133	  1
3134	  3
3135	  3
3136	  4
3137	  0
3138	  4
3139	  0
3140	  3
3141	  0
3142	  4
3143	  0
3144	  3
3145	  0
3146	  2
3147	  3
3148	  0
3149	  3
3150	  0
3151	  1
3152	  1
3153	  0
3154	  0
3155	  4
3156	  0
3157	  1
3158	  3
3159	  0
3160	  4
3161	  4
3162	  0
3163	  1
3164	  1
3165	  0
3166	  0
3167	  3
3168	  4
3169	  0
3170	  1
3171	  4
3172	  0
3173	  2
3174	  3
3175	  0
3176	  3
3177	  0
3178	  2
3179	  4
3180	  1
3181	  2
3182	  0
3183	  1
3184	  0
3185	  0
3186	  0
3187	  1
3188	  0
3189	  0
3190	  0
3191	  3
3192	  0
3193	  0
3194	  0
3195	  1
3196	  1
3197	  1
3198	  0
3199	  1
3200	  1
3201	  3
3202	  1
3203	  0
3204	  4
3205	  0
3206	  0
3207	  1
3208	  0
3209	  3
3210	  0
3211	  0
3212	  0
3213	  4
3214	  0
3215	  4
3216	  0
3217	  2
3218	  4
3219	  1
3220	  0
3221	  3
3222	  0
3223	  2
3224	  0
3225	  1
3226	  3
3227	  3
3228	  0
3229	  3
3230	  3
3231	  0
3232	  1
3233	  0
3234	  0
3235	  0
3236	  3
3237	  4
3238	  3
3239	  0
3240	  4
3241	  3
3242	  3
3243	  0
3244	  1
3245	  4
3246	  0
3247	  1
3248	  2
3249	  1
3250	  0
3251	  1
3252	  2
3253	  3
3254	  4
3255	  1
3256	  3
3257	  1
3258	  0
3259	  4
3260	  1
3261	  4
3262	  0
3263	  0
3264	  0
3265	  0
3266	  1
3267	  1
3268	  1
3269	  1
3270	  0
3271	  2
3272	  4
3273	  1
3274	  0
3275	  0
3276	  3
3277	  4
3278	  0
3279	  1
3280	  4
3281	  0
3282	  3
3283	  1
3284	  0
3285	  3
3286	  0
3287	  4
3288	  4
3289	  3
3290	  0
3291	  0
3292	  3
3293	  3
3294	  3
3295	  4
3296	  3
3297	  0
3298	  2
3299	  0
3300	  0
3301	  0
3302	  0
3303	  0
3304	  0
3305	  3
3306	  0
3307	  3
3308	  3
3309	  0
3310	  1
3311	  3
3312	  0
3313	  1
3314	  4
3315	  2
3316	  2
3317	  4
3318	  0
3319	  1
3320	  4
3321	  4
3322	  2
3323	  2
3324	  1
3325	  0
3326	  0
3327	  2
3328	  0
3329	  2
3330	  4
3331	  3
3332	  1
3333	  0
3334	  2
3335	  1
3336	  3
3337	  0
3338	  2
3339	  3
3340	  1
3341	  3
3342	  1
3343	  3
3344	  0
3345	  3
3346	  0
3347	  4
3348	  4
3349	  0
3350	  4
3351	  4
3352	  1
3353	  2
3354	  0
3355	  0
3356	  0
3357	  1
3358	  0
3359	  0
3360	  1
3361	  0
3362	  1
3363	  2
3364	  0
3365	  1
3366	  1
3367	  0
3368	  0
3369	  3
3370	  3
3371	  1
3372	  0
3373	  3
3374	  2
3375	  3
3376	  0
3377	  0
3378	  2
3379	  1
3380	  3
3381	  4
3382	  1
3383	  2
3384	  0
3385	  3
3386	  0
3387	  1
3388	  0
3389	  2
3390	  0
3391	  1
3392	  2
3393	  0
3394	  0
3395	  1
3396	  0
3397	  3
3398	  0
3399	  0
3400	  4
3401	  3
3402	  1
3403	  1
3404	  0
3405	  0
3406	  4
3407	  1
3408	  1
3409	  4
3410	  3
3411	  0
3412	  0
3413	  1
3414	  2
3415	  1
3416	  3
3417	  2
3418	  1
3419	  1
3420	  0
3421	  0
3422	  0
3423	  1
3424	  0
3425	  0
3426	  0
3427	  0
3428	  0
3429	  0
3430	  2
3431	  0
3432	  0
3433	  0
3434	  3
3435	  1
3436	  0
3437	  1
3438	  0
3439	  4
3440	  4
3441	  0
3442	  0
3443	  0
3444	  4
3445	  0
3446	  0
3447	  3
3448	  0
3449	  0
3450	  0
3451	  1
3452	  0
3453	  0
3454	  4
3455	  0
3456	  0
3457	  0
3458	  3
3459	  3
3460	  1
3461	  0
3462	  3
3463	  3
3464	  0
3465	  0
3466	  4
3467	  4
3468	  0
3469	  3
3470	  1
3471	  0
3472	  0
3473	  0
3474	  0
3475	  0
3476	  1
3477	  4
3478	  4
3479	  1
3480	  1
3481	  2
3482	  0
3483	  4
3484	  3
3485	  1
3486	  0
3487	  0
3488	  3
3489	  3
3490	  0
3491	  0
3492	  1
3493	  0
3494	  1
3495	  0
3496	  0
3497	  3
3498	  0
3499	  1
3500	  0
3501	  0
3502	  0
3503	  0
3504	  0
3505	  1
3506	  4
3507	  2
3508	  2
3509	  3
3510	  3
3511	  1
3512	  2
3513	  0
3514	  0
3515	  3
3516	  4
3517	  0
3518	  0
3519	  3
3520	  3
3521	  3
3522	  0
3523	  3
3524	  4
3525	  1
3526	  1
3527	  0
3528	  3
3529	  1
3530	  0
3531	  4
3532	  0
3533	  0
3534	  4
3535	  0
3536	  3
3537	  4
3538	  0
3539	  0
3540	  0
3541	  0
3542	  1
3543	  4
3544	  3
3545	  2
3546	  1
3547	  0
3548	  1
3549	  2
3550	  0
3551	  0
3552	  0
3553	  4
3554	  0
3555	  2
3556	  2
3557	  3
3558	  3
3559	  3
3560	  1
3561	  1
3562	  0
3563	  0
3564	  0
3565	  0
3566	  1
3567	  0
3568	  3
3569	  1
3570	  3
3571	  0
3572	  0
3573	  2
3574	  0
3575	  0
3576	  4
3577	  1
3578	  3
3579	  0
3580	  3
3581	  0
3582	  1
3583	  3
3584	  4
3585	  0
3586	  3
3587	  0
3588	  0
3589	  3
3590	  1
3591	  3
3592	  3
3593	  1
3594	  0
3595	  2
3596	  1
3597	  0
3598	  3
3599	  0
3600	  3
3601	  0
3602	  3
3603	  3
3604	  1
3605	  3
3606	  1
3607	  4
3608	  4
3609	  0
3610	  4
3611	  0
3612	  0
3613	  4
3614	  0
3615	  0
3616	  0
3617	  1
3618	  0
3619	  0
3620	  3
3621	  1
3622	  1
3623	  4
3624	  0
3625	  3
3626	  0
3627	  0
3628	  0
3629	  0
3630	  0
3631	  0
3632	  2
3633	  0
3634	  1
3635	  0
3636	  2
3637	  0
3638	  3
3639	  3
3640	  3
3641	  0
3642	  1
3643	  0
3644	  0
3645	  3
3646	  1
3647	  4
3648	  0
3649	  3
3650	  2
3651	  4
3652	  4
3653	  4
3654	  0
3655	  0
3656	  0
3657	  4
3658	  4
3659	  3
3660	  0
