  0	  5
  1	  3
  2	  4
  3	  3
  4	  1
  5	  1
  6	  4
  7	  2
  8	  0
  9	  5
 10	  1
 11	  1
 12	  1
 13	  1
 14	  3
 15	  0
 16	  5
 17	  0
 18	  1
 19	  3
 20	  6
 21	  3
 22	  0
 23	  1
 24	  3
 25	  2
 26	  1
 27	  6
 28	  0
 29	  3
 30	  2
 31	  1
 32	  1
 33	  5
 34	  2
 35	  3
 36	  0
 37	  1
 38	  3
 39	  1
 40	  5
 41	  5
 42	  3
 43	  3
 44	  2
 45	  0
 46	  2
 47	  5
 48	  1
 49	  2
 50	  2
 51	  4
 52	  3
 53	  5
 54	  3
 55	  1
 56	  2
 57	  2
 58	  3
 59	  2
 60	  1
 61	  3
 62	  3
 63	  3
 64	  1
 65	  0
 66	  3
 67	  3
 68	  1
 69	  2
 70	  6
 71	  2
 72	  2
 73	  3
 74	  1
 75	  3
 76	  4
 77	  3
 78	  2
 79	  5
 80	  6
 81	  3
 82	  3
 83	  6
 84	  1
 85	  3
 86	  5
 87	  5
 88	  4
 89	  4
 90	  6
 91	  5
 92	  4
 93	  5
 94	  3
 95	  5
 96	  5
 97	  3
 98	  0
 99	  1
100	  3
101	  2
102	  3
103	  6
104	  2
105	  0
106	  0
107	  3
108	  0
109	  6
110	  5
111	  2
112	  2
113	  1
114	  1
115	  3
116	  5
117	  4
118	  6
119	  3
120	  5
121	  2
122	  5
123	  3
124	  1
125	  2
126	  2
127	  3
128	  5
129	  0
130	  1
131	  0
132	  3
133	  0
134	  0
135	  3
136	  5
137	  2
138	  5
139	  1
140	  3
141	  3
142	  3
143	  5
144	  6
145	  1
146	  3
147	  0
148	  5
149	  2
150	  5
151	  1
152	  5
153	  2
154	  6
155	  0
156	  1
157	  2
158	  5
159	  4
160	  3
161	  6
162	  0
163	  3
164	  1
165	  2
166	  5
167	  2
168	  3
169	  5
170	  0
171	  0
172	  0
173	  2
174	  2
175	  4
176	  3
177	  4
178	  0
179	  5
180	  3
181	  5
182	  2
183	  5
184	  3
185	  1
186	  1
187	  1
188	  2
189	  5
190	  1
191	  4
192	  2
193	  2
194	  3
195	  1
196	  6
197	  3
198	  6
199	  2
200	  1
201	  3
202	  2
203	  4
204	  6
205	  1
206	  2
207	  0
208	  3
209	  1
210	  2
211	  3
212	  6
213	  5
214	  3
215	  1
216	  3
217	  4
218	  2
219	  0
220	  0
221	  4
222	  6
223	  5
224	  5
225	  3
226	  6
227	  1
228	  6
229	  3
230	  1
231	  6
232	  0
233	  1
234	  2
235	  5
236	  5
237	  3
238	  3
239	  5
240	  3
241	  5
242	  2
243	  5
244	  6
245	  4
246	  6
247	  6
248	  2
249	  1
250	  2
251	  6
252	  3
253	  6
254	  1
255	  2
256	  5
257	  1
258	  6
259	  3
260	  3
261	  0
262	  6
263	  1
264	  2
265	  5
266	  0
267	  5
268	  5
269	  2
270	  1
271	  2
272	  2
273	  2
274	  0
275	  2
276	  1
277	  2
278	  3
279	  6
280	  0
281	  2
282	  1
283	  5
284	  5
285	  0
286	  5
287	  3
288	  4
289	  3
290	  5
291	  5
292	  5
293	  6
294	  5
295	  5
296	  5
297	  3
298	  5
299	  6
300	  5
301	  1
302	  6
303	  1
304	  3
305	  3
306	  2
307	  3
308	  6
309	  2
310	  1
311	  1
312	  1
313	  3
314	  0
315	  5
316	  6
317	  1
318	  1
319	  5
320	  2
321	  1
322	  5
323	  3
324	  3
325	  5
326	  0
327	  2
328	  6
329	  3
330	  3
331	  3
332	  1
333	  1
334	  5
335	  6
336	  2
337	  3
338	  2
339	  6
340	  5
341	  3
342	  2
343	  1
344	  3
345	  3
346	  3
347	  2
348	  2
349	  1
350	  2
351	  6
352	  5
353	  2
354	  2
355	  2
356	  4
357	  4
358	  1
359	  0
360	  2
361	  6
362	  1
363	  5
364	  1
365	  6
366	  2
367	  3
368	  3
369	  3
370	  3
371	  3
372	  1
373	  5
374	  6
375	  6
376	  6
377	  0
378	  2
379	  5
380	  5
381	  0
382	  6
383	  3
384	  1
385	  2
386	  5
387	  6
388	  6
389	  2
390	  3
391	  1
392	  3
393	  2
394	  6
395	  4
396	  0
397	  3
398	  1
399	  4
400	  3
401	  0
402	  1
403	  5
404	  0
405	  2
406	  3
407	  6
408	  3
409	  0
410	  2
411	  5
412	  4
413	  3
414	  6
415	  3
416	  2
417	  2
418	  1
419	  5
420	  1
421	  5
422	  3
423	  1
424	  3
425	  6
426	  5
427	  1
428	  3
429	  2
430	  2
431	  1
432	  2
433	  3
434	  1
435	  3
436	  2
437	  6
438	  3
439	  4
440	  5
441	  6
442	  5
443	  3
444	  6
445	  0
446	  3
447	  2
448	  2
449	  2
450	  4
451	  3
452	  3
453	  1
454	  1
455	  3
456	  0
457	  3
458	  4
459	  5
460	  1
461	  5
462	  3
463	  0
464	  2
465	  4
466	  3
467	  1
468	  3
469	  2
470	  5
471	  0
472	  4
473	  1
474	  3
475	  3
476	  1
477	  2
478	  6
479	  2
480	  6
481	  1
482	  5
483	  1
484	  5
485	  3
486	  6
487	  5
488	  2
489	  2
490	  3
491	  4
492	  3
493	  0
494	  4
495	  0
496	  4
497	  5
498	  2
499	  0
500	  2
501	  5
502	  5
503	  3
504	  3
505	  2
506	  5
507	  5
508	  3
509	  2
510	  5
511	  2
512	  1
513	  5
514	  5
515	  2
516	  3
517	  2
518	  4
519	  1
520	  2
521	  4
522	  3
523	  5
524	  1
525	  6
526	  5
527	  6
528	  5
529	  4
530	  2
531	  1
532	  1
533	  1
534	  6
535	  3
536	  0
537	  5
538	  2
539	  3
540	  4
541	  5
542	  2
543	  5
544	  2
545	  1
546	  5
547	  1
548	  0
549	  3
550	  2
551	  6
552	  4
553	  0
554	  6
555	  1
556	  2
557	  6
558	  3
559	  0
560	  2
561	  5
562	  5
563	  0
564	  3
565	  5
566	  5
567	  0
568	  0
569	  2
570	  6
571	  3
572	  2
573	  5
574	  5
575	  1
576	  3
577	  5
578	  5
579	  3
580	  0
581	  4
582	  6
583	  2
584	  0
585	  4
586	  1
587	  5
588	  4
589	  5
590	  1
591	  2
592	  2
593	  1
594	  1
595	  6
596	  2
597	  6
598	  5
599	  6
600	  1
601	  1
602	  0
603	  4
604	  1
605	  6
606	  6
607	  4
608	  1
609	  3
610	  4
611	  0
612	  3
613	  6
614	  1
615	  1
616	  6
617	  2
618	  1
619	  0
620	  5
621	  6
622	  1
623	  3
624	  0
625	  3
626	  1
627	  6
628	  5
629	  1
630	  0
631	  3
632	  0
633	  3
634	  3
635	  2
636	  0
637	  4
638	  1
639	  3
640	  3
641	  2
642	  2
643	  3
644	  5
645	  3
646	  0
647	  2
648	  3
649	  0
650	  0
651	  1
652	  3
653	  0
654	  6
655	  1
656	  6
657	  1
658	  5
659	  5
660	  2
661	  3
662	  6
663	  3
664	  2
665	  2
666	  5
667	  6
668	  1
669	  3
670	  3
671	  6
672	  0
673	  1
674	  5
675	  2
676	  0
677	  0
678	  1
679	  4
680	  2
681	  4
682	  3
683	  2
684	  4
685	  1
686	  2
687	  3
688	  3
689	  0
690	  1
691	  3
692	  3
693	  1
694	  5
695	  5
696	  4
697	  3
698	  0
699	  6
700	  4
701	  0
702	  2
703	  0
704	  4
705	  0
706	  5
707	  5
708	  3
709	  4
710	  2
711	  0
712	  1
713	  3
714	  3
715	  6
716	  1
717	  1
718	  5
719	  0
720	  2
721	  3
722	  6
723	  6
724	  6
725	  0
726	  6
727	  3
728	  3
729	  1
730	  0
731	  3
732	  2
733	  6
734	  3
735	  0
736	  3
737	  0
738	  2
739	  6
740	  3
741	  4
742	  1
743	  4
744	  2
745	  2
746	  2
747	  3
748	  5
749	  3
750	  5
751	  3
752	  3
753	  5
754	  2
755	  1
756	  0
757	  1
758	  2
759	  1
760	  3
761	  1
762	  5
763	  5
764	  1
765	  5
766	  3
767	  2
768	  4
769	  5
770	  3
771	  3
772	  6
773	  2
774	  2
775	  5
776	  2
777	  1
778	  2
779	  5
780	  6
781	  3
782	  1
783	  1
784	  6
785	  1
786	  3
787	  2
788	  5
789	  2
790	  3
791	  1
792	  2
793	  2
794	  3
795	  3
796	  2
797	  2
798	  2
799	  5
800	  5
801	  1
802	  5
803	  6
804	  3
805	  3
806	  2
807	  5
808	  1
809	  3
810	  2
811	  2
812	  2
813	  3
814	  1
815	  5
816	  5
817	  0
818	  0
819	  2
820	  0
821	  3
822	  0
823	  2
824	  5
825	  2
826	  5
827	  1
828	  1
829	  2
830	  2
831	  3
832	  3
833	  3
834	  3
835	  1
836	  0
837	  5
838	  4
839	  3
840	  5
841	  4
842	  3
843	  1
844	  2
845	  5
846	  1
847	  2
848	  5
849	  0
850	  2
851	  1
852	  0
853	  2
854	  5
855	  0
856	  3
857	  2
858	  6
859	  2
860	  2
861	  0
862	  1
863	  3
864	  0
865	  5
866	  3
867	  2
868	  0
869	  1
870	  2
871	  1
872	  2
873	  0
874	  0
875	  3
876	  2
877	  3
878	  5
879	  4
880	  4
881	  0
882	  0
883	  1
884	  2
885	  3
886	  5
887	  2
888	  5
889	  1
890	  4
891	  4
892	  5
893	  4
894	  3
895	  1
896	  0
897	  1
898	  2
899	  1
900	  3
901	  3
902	  4
903	  2
904	  2
905	  0
906	  2
907	  1
908	  1
909	  1
910	  3
911	  0
912	  1
913	  2
914	  4
915	  2
916	  1
917	  1
918	  3
919	  2
920	  5
921	  0
922	  5
923	  5
924	  3
925	  2
926	  3
927	  1
928	  1
929	  0
930	  4
931	  2
932	  3
933	  2
934	  6
935	  6
936	  0
937	  2
938	  3
939	  5
940	  4
941	  2
942	  3
943	  6
944	  1
945	  5
946	  0
947	  1
948	  5
949	  3
950	  3
951	  5
952	  1
953	  0
954	  1
955	  4
956	  2
957	  2
958	  0
959	  5
960	  2
961	  2
962	  5
963	  5
964	  3
965	  3
966	  5
967	  5
968	  3
969	  3
970	  5
971	  5
972	  5
973	  1
974	  6
975	  0
976	  0
977	  4
978	  5
979	  3
980	  5
981	  1
982	  3
983	  3
984	  4
985	  5
986	  4
987	  4
988	  5
989	  3
990	  0
991	  3
992	  6
993	  1
994	  6
995	  4
996	  6
997	  4
998	  1
999	  5
1000	  2
1001	  3
1002	  5
1003	  2
1004	  1
1005	  1
1006	  4
1007	  0
1008	  2
1009	  6
1010	  0
1011	  0
1012	  3
1013	  3
1014	  5
1015	  6
1016	  3
1017	  1
1018	  5
1019	  3
1020	  3
1021	  5
1022	  5
1023	  3
1024	  3
1025	  6
1026	  3
1027	  5
1028	  0
1029	  6
1030	  1
1031	  2
1032	  1
1033	  0
1034	  3
1035	  0
1036	  2
1037	  2
1038	  2
1039	  2
1040	  3
1041	  5
1042	  5
1043	  1
1044	  0
1045	  1
1046	  5
1047	  6
1048	  3
1049	  3
1050	  3
1051	  2
1052	  3
1053	  3
1054	  5
1055	  0
1056	  1
1057	  5
1058	  2
1059	  2
1060	  0
1061	  0
1062	  2
1063	  6
1064	  0
1065	  3
1066	  4
1067	  3
1068	  0
1069	  2
1070	  3
1071	  4
1072	  3
1073	  1
1074	  3
1075	  1
1076	  5
1077	  0
1078	  1
1079	  6
1080	  6
1081	  1
1082	  2
1083	  3
1084	  3
1085	  3
1086	  5
1087	  6
1088	  0
1089	  0
1090	  1
1091	  3
1092	  2
1093	  3
1094	  3
1095	  3
1096	  0
1097	  3
1098	  6
1099	  2
1100	  3
1101	  5
1102	  4
1103	  5
1104	  6
1105	  3
1106	  3
1107	  0
1108	  5
1109	  0
1110	  1
1111	  0
1112	  0
1113	  2
1114	  5
1115	  2
1116	  0
1117	  2
1118	  2
1119	  1
1120	  3
1121	  4
1122	  3
1123	  5
1124	  5
1125	  1
1126	  0
1127	  1
1128	  0
1129	  0
1130	  3
1131	  5
1132	  4
1133	  3
1134	  2
1135	  3
1136	  0
1137	  3
1138	  0
1139	  5
1140	  2
1141	  0
1142	  6
1143	  3
1144	  2
1145	  2
1146	  5
1147	  2
1148	  5
1149	  3
1150	  0
1151	  5
1152	  5
1153	  2
1154	  1
1155	  6
1156	  6
1157	  3
1158	  2
1159	  6
1160	  2
1161	  2
1162	  5
1163	  3
1164	  5
1165	  1
1166	  4
1167	  3
1168	  0
1169	  0
1170	  5
1171	  3
1172	  6
1173	  1
1174	  2
1175	  1
1176	  3
1177	  3
1178	  6
1179	  5
1180	  3
1181	  3
1182	  3
1183	  6
1184	  5
1185	  1
1186	  1
1187	  5
1188	  0
1189	  0
1190	  5
1191	  0
1192	  5
1193	  2
1194	  0
1195	  0
1196	  3
1197	  3
1198	  5
1199	  2
1200	  5
1201	  3
1202	  3
1203	  1
1204	  6
1205	  1
1206	  6
1207	  3
1208	  5
1209	  2
1210	  2
1211	  2
1212	  3
1213	  2
1214	  3
1215	  1
1216	  3
1217	  2
1218	  1
1219	  4
1220	  2
1221	  6
1222	  5
1223	  2
1224	  5
1225	  5
1226	  2
1227	  2
1228	  1
1229	  0
1230	  1
1231	  2
1232	  5
1233	  1
1234	  3
1235	  1
1236	  5
1237	  3
1238	  4
1239	  5
1240	  5
1241	  1
1242	  3
1243	  3
1244	  0
1245	  3
1246	  1
1247	  1
1248	  2
1249	  0
1250	  5
1251	  4
1252	  1
1253	  2
1254	  3
1255	  2
1256	  3
1257	  1
1258	  2
1259	  6
1260	  2
1261	  0
1262	  3
1263	  5
1264	  3
1265	  1
1266	  6
1267	  3
1268	  3
1269	  0
1270	  3
1271	  6
1272	  3
1273	  2
1274	  0
1275	  5
1276	  5
1277	  2
1278	  2
1279	  2
1280	  4
1281	  0
1282	  1
1283	  1
1284	  3
1285	  5
1286	  1
1287	  1
1288	  4
1289	  2
1290	  0
1291	  2
1292	  0
1293	  4
1294	  1
1295	  2
1296	  1
1297	  3
1298	  5
1299	  1
1300	  3
1301	  2
1302	  1
1303	  3
1304	  3
1305	  6
1306	  3
1307	  2
1308	  6
1309	  5
1310	  2
1311	  3
1312	  5
1313	  2
1314	  2
1315	  0
1316	  5
1317	  3
1318	  2
1319	  0
1320	  0
1321	  3
1322	  0
1323	  2
1324	  4
1325	  6
1326	  0
1327	  5
1328	  0
1329	  3
1330	  1
1331	  3
1332	  3
1333	  4
1334	  3
1335	  0
1336	  2
1337	  5
1338	  2
1339	  2
1340	  3
1341	  2
1342	  5
1343	  6
1344	  2
1345	  3
1346	  2
1347	  6
1348	  3
1349	  6
1350	  0
1351	  3
1352	  4
1353	  5
1354	  3
1355	  0
1356	  3
1357	  5
1358	  3
1359	  0
1360	  1
1361	  3
1362	  5
1363	  0
1364	  3
1365	  5
1366	  1
1367	  5
1368	  5
1369	  3
1370	  2
1371	  4
1372	  2
1373	  3
1374	  1
1375	  5
1376	  5
1377	  3
1378	  5
1379	  6
1380	  2
1381	  1
1382	  2
1383	  3
1384	  2
1385	  3
1386	  5
1387	  0
1388	  2
1389	  0
1390	  2
1391	  6
1392	  1
1393	  5
1394	  5
1395	  3
1396	  1
1397	  4
1398	  0
1399	  3
1400	  3
1401	  6
1402	  1
1403	  2
1404	  6
1405	  1
1406	  2
1407	  0
1408	  3
1409	  5
1410	  0
1411	  1
1412	  1
1413	  2
1414	  5
1415	  0
1416	  1
1417	  5
1418	  0
1419	  1
1420	  6
1421	  3
1422	  3
1423	  1
1424	  0
1425	  5
1426	  2
1427	  5
1428	  0
1429	  5
1430	  2
1431	  0
1432	  3
1433	  2
1434	  2
1435	  5
1436	  4
1437	  2
1438	  4
1439	  2
1440	  2
1441	  2
1442	  5
1443	  1
1444	  3
1445	  0
1446	  3
1447	  6
1448	  6
1449	  1
1450	  3
1451	  4
1452	  2
1453	  4
1454	  5
1455	  6
1456	  1
1457	  0
1458	  5
1459	  4
1460	  2
1461	  3
1462	  5
1463	  5
1464	  0
1465	  3
1466	  6
1467	  1
1468	  2
1469	  4
1470	  1
1471	  1
1472	  5
1473	  6
1474	  6
1475	  2
1476	  6
1477	  6
1478	  6
1479	  5
1480	  4
1481	  2
1482	  5
1483	  5
1484	  4
1485	  3
1486	  2
1487	  1
1488	  5
1489	  1
1490	  1
1491	  6
1492	  4
1493	  3
1494	  5
1495	  3
1496	  6
1497	  2
1498	  5
1499	  1
1500	  2
1501	  5
1502	  2
1503	  2
1504	  6
1505	  6
1506	  3
1507	  3
1508	  5
1509	  3
1510	  3
1511	  0
1512	  0
1513	  1
1514	  0
1515	  5
1516	  2
1517	  6
1518	  1
1519	  3
1520	  4
1521	  0
1522	  5
1523	  3
1524	  1
1525	  1
1526	  1
1527	  2
1528	  2
1529	  2
1530	  6
1531	  1
1532	  3
1533	  1
1534	  3
1535	  3
1536	  6
1537	  2
1538	  1
1539	  3
1540	  0
1541	  0
1542	  1
1543	  5
1544	  5
1545	  5
1546	  1
1547	  0
1548	  6
1549	  1
1550	  5
1551	  5
1552	  2
1553	  2
1554	  1
1555	  3
1556	  0
1557	  0
1558	  3
1559	  1
1560	  3
1561	  1
1562	  3
1563	  3
1564	  2
1565	  2
1566	  2
1567	  3
1568	  3
1569	  3
1570	  6
1571	  1
1572	  0
1573	  5
1574	  6
1575	  3
1576	  5
1577	  5
1578	  4
1579	  3
1580	  2
1581	  1
1582	  1
1583	  3
1584	  0
1585	  4
1586	  5
1587	  6
1588	  2
1589	  5
1590	  3
1591	  3
1592	  5
1593	  3
1594	  2
1595	  1
1596	  2
1597	  3
1598	  3
1599	  3
1600	  3
1601	  1
1602	  5
1603	  1
1604	  4
1605	  0
1606	  0
1607	  4
1608	  1
1609	  2
1610	  3
1611	  2
1612	  5
1613	  0
1614	  2
1615	  2
1616	  0
1617	  4
1618	  6
1619	  1
1620	  0
1621	  1
1622	  6
1623	  5
1624	  0
1625	  2
1626	  1
1627	  2
1628	  1
1629	  5
1630	  6
1631	  2
1632	  1
1633	  3
1634	  0
1635	  4
1636	  2
1637	  6
1638	  1
1639	  6
1640	  1
1641	  0
1642	  2
1643	  4
1644	  1
1645	  3
1646	  3
1647	  1
1648	  2
1649	  0
1650	  1
1651	  3
1652	  1
1653	  1
1654	  3
1655	  4
1656	  3
1657	  2
1658	  4
1659	  4
1660	  1
1661	  0
1662	  5
1663	  0
1664	  5
1665	  5
1666	  2
1667	  3
1668	  6
1669	  4
1670	  3
1671	  0
1672	  3
1673	  2
1674	  6
1675	  5
1676	  6
1677	  1
1678	  2
1679	  3
1680	  5
1681	  2
1682	  3
1683	  0
1684	  0
1685	  3
1686	  3
1687	  5
1688	  5
1689	  5
1690	  1
1691	  1
1692	  6
1693	  0
1694	  0
1695	  0
1696	  5
1697	  5
1698	  2
1699	  1
1700	  3
1701	  0
1702	  4
1703	  2
1704	  4
1705	  4
1706	  1
1707	  3
1708	  1
1709	  2
1710	  2
1711	  2
1712	  2
1713	  2
1714	  2
1715	  5
1716	  4
1717	  5
1718	  3
1719	  3
1720	  5
1721	  3
1722	  3
1723	  1
1724	  2
1725	  5
1726	  1
1727	  6
1728	  0
1729	  0
1730	  1
1731	  1
1732	  3
1733	  0
1734	  2
1735	  1
1736	  5
1737	  4
1738	  0
1739	  0
1740	  2
1741	  2
1742	  1
1743	  5
1744	  1
1745	  2
1746	  2
1747	  3
1748	  6
1749	  4
1750	  3
1751	  1
1752	  0
1753	  5
1754	  5
1755	  5
1756	  6
1757	  3
1758	  6
1759	  3
1760	  0
1761	  3
1762	  3
1763	  5
1764	  3
1765	  2
1766	  0
1767	  5
1768	  5
1769	  5
1770	  2
1771	  5
1772	  2
1773	  3
1774	  5
1775	  5
1776	  1
1777	  6
1778	  1
1779	  5
1780	  1
1781	  6
1782	  0
1783	  6
1784	  5
1785	  1
1786	  2
1787	  3
1788	  1
1789	  4
1790	  6
1791	  6
1792	  1
1793	  2
1794	  3
1795	  0
1796	  2
1797	  5
1798	  1
1799	  2
1800	  2
1801	  3
1802	  5
1803	  0
1804	  2
1805	  4
1806	  3
1807	  5
1808	  2
1809	  5
1810	  3
1811	  0
1812	  3
1813	  3
1814	  5
1815	  2
1816	  2
1817	  2
1818	  5
1819	  2
1820	  5
1821	  2
1822	  6
1823	  0
1824	  5
1825	  0
1826	  3
1827	  6
1828	  5
1829	  3
1830	  3
1831	  4
1832	  0
1833	  3
1834	  1
1835	  3
1836	  1
1837	  1
1838	  1
1839	  3
1840	  5
1841	  0
1842	  3
1843	  0
1844	  1
1845	  4
1846	  6
1847	  3
1848	  3
1849	  5
1850	  4
1851	  5
1852	  4
1853	  6
1854	  5
1855	  0
1856	  1
1857	  3
1858	  3
1859	  2
1860	  3
1861	  3
1862	  2
1863	  5
1864	  2
1865	  2
1866	  0
1867	  3
1868	  5
1869	  6
1870	  1
1871	  5
1872	  4
1873	  0
1874	  6
1875	  2
1876	  5
1877	  0
1878	  2
1879	  3
1880	  1
1881	  6
1882	  5
1883	  1
1884	  3
1885	  2
1886	  0
1887	  4
1888	  6
1889	  5
1890	  4
1891	  6
1892	  2
1893	  4
1894	  3
1895	  5
1896	  2
1897	  3
1898	  4
1899	  1
1900	  1
1901	  3
1902	  2
1903	  2
1904	  3
1905	  4
1906	  2
1907	  3
1908	  1
1909	  2
1910	  3
1911	  3
1912	  3
1913	  2
1914	  1
1915	  3
1916	  2
1917	  4
1918	  2
1919	  3
1920	  4
1921	  0
1922	  2
1923	  0
1924	  2
1925	  1
1926	  2
1927	  0
1928	  0
1929	  2
1930	  3
1931	  5
1932	  1
1933	  3
1934	  2
1935	  0
1936	  3
1937	  1
1938	  2
1939	  3
1940	  0
1941	  1
1942	  0
1943	  6
1944	  2
1945	  5
1946	  0
1947	  3
1948	  0
1949	  0
1950	  2
1951	  3
1952	  5
1953	  6
1954	  3
1955	  0
1956	  2
1957	  3
1958	  4
1959	  0
1960	  1
1961	  1
1962	  3
1963	  5
1964	  2
1965	  2
1966	  5
1967	  3
1968	  4
1969	  4
1970	  6
1971	  2
1972	  6
1973	  5
1974	  1
1975	  2
1976	  5
1977	  3
1978	  1
1979	  2
1980	  3
1981	  6
1982	  5
1983	  4
1984	  1
1985	  3
1986	  3
1987	  1
1988	  1
1989	  0
1990	  1
1991	  1
1992	  4
1993	  6
1994	  0
1995	  5
1996	  3
1997	  6
1998	  3
1999	  1
2000	  1
2001	  1
2002	  5
2003	  2
2004	  1
2005	  5
2006	  1
2007	  5
2008	  5
2009	  5
2010	  1
2011	  6
2012	  3
2013	  0
2014	  5
2015	  4
2016	  5
2017	  3
2018	  5
2019	  1
2020	  6
2021	  3
2022	  4
2023	  5
2024	  5
2025	  6
2026	  4
2027	  6
2028	  4
2029	  4
2030	  3
2031	  6
2032	  3
2033	  1
2034	  4
2035	  1
2036	  2
2037	  5
2038	  3
2039	  2
2040	  4
2041	  0
2042	  5
2043	  6
2044	  3
2045	  3
2046	  5
2047	  6
2048	  1
2049	  0
2050	  0
2051	  2
2052	  3
2053	  6
2054	  0
2055	  6
2056	  5
2057	  4
2058	  3
2059	  6
2060	  2
2061	  3
2062	  5
2063	  2
2064	  2
2065	  0
2066	  2
2067	  1
2068	  3
2069	  3
2070	  4
2071	  1
2072	  6
2073	  4
2074	  2
2075	  3
2076	  3
2077	  4
2078	  1
2079	  6
2080	  2
2081	  3
2082	  5
2083	  2
2084	  6
2085	  2
2086	  1
2087	  3
2088	  6
2089	  5
2090	  5
2091	  0
2092	  5
2093	  3
2094	  1
2095	  5
2096	  0
2097	  3
2098	  0
2099	  1
2100	  3
2101	  6
2102	  0
2103	  5
2104	  4
2105	  6
2106	  6
2107	  5
2108	  3
2109	  2
2110	  3
2111	  0
2112	  5
2113	  2
2114	  1
2115	  4
2116	  5
2117	  0
2118	  3
2119	  2
2120	  2
2121	  2
2122	  5
2123	  5
2124	  2
2125	  2
2126	  6
2127	  3
2128	  4
2129	  2
2130	  5
2131	  6
2132	  4
2133	  2
2134	  0
2135	  3
2136	  0
2137	  1
2138	  4
2139	  6
2140	  1
2141	  5
2142	  1
2143	  4
2144	  6
2145	  5
2146	  6
2147	  2
2148	  1
2149	  0
2150	  1
2151	  5
2152	  2
2153	  3
2154	  1
2155	  1
2156	  4
2157	  3
2158	  3
2159	  5
2160	  5
2161	  6
2162	  1
2163	  6
2164	  2
2165	  1
2166	  5
2167	  2
2168	  3
2169	  0
2170	  3
2171	  5
2172	  5
2173	  0
2174	  2
2175	  2
2176	  5
2177	  2
2178	  4
2179	  2
2180	  0
2181	  6
2182	  2
2183	  0
2184	  2
2185	  2
2186	  6
2187	  5
2188	  3
2189	  4
2190	  3
2191	  2
2192	  1
2193	  2
2194	  3
2195	  0
2196	  1
2197	  1
2198	  2
2199	  3
2200	  5
2201	  2
2202	  3
2203	  0
2204	  6
2205	  2
2206	  5
2207	  3
2208	  0
2209	  2
2210	  1
2211	  5
2212	  2
2213	  3
2214	  3
2215	  1
2216	  1
2217	  1
2218	  0
2219	  5
2220	  0
2221	  5
2222	  1
2223	  6
2224	  0
2225	  3
2226	  4
2227	  5
2228	  3
2229	  3
2230	  1
2231	  2
2232	  1
2233	  2
2234	  4
2235	  6
2236	  2
2237	  1
2238	  3
2239	  6
2240	  2
2241	  5
2242	  2
2243	  0
2244	  2
2245	  5
2246	  5
2247	  3
2248	  6
2249	  3
2250	  5
2251	  0
2252	  3
2253	  2
2254	  3
2255	  2
2256	  1
2257	  1
2258	  3
2259	  5
2260	  0
2261	  5
2262	  5
2263	  2
2264	  2
2265	  5
2266	  5
2267	  5
2268	  6
2269	  5
2270	  6
2271	  4
2272	  5
2273	  2
2274	  2
2275	  6
2276	  4
2277	  1
2278	  5
2279	  1
2280	  2
2281	  1
2282	  1
2283	  2
2284	  6
2285	  2
2286	  3
2287	  4
2288	  3
2289	  0
2290	  1
2291	  5
2292	  3
2293	  2
2294	  1
2295	  1
2296	  2
2297	  2
2298	  4
2299	  1
2300	  5
2301	  2
2302	  3
2303	  3
2304	  6
2305	  1
2306	  3
2307	  0
2308	  2
2309	  3
2310	  4
2311	  3
2312	  5
2313	  2
2314	  1
2315	  3
2316	  1
2317	  0
2318	  3
2319	  3
2320	  0
2321	  4
2322	  3
2323	  1
2324	  2
2325	  2
2326	  4
2327	  3
2328	  6
2329	  4
2330	  6
2331	  1
2332	  0
2333	  5
2334	  1
2335	  1
2336	  6
2337	  2
2338	  1
2339	  4
2340	  2
2341	  5
2342	  2
2343	  3
2344	  6
2345	  2
2346	  2
2347	  0
2348	  4
2349	  0
2350	  3
2351	  2
2352	  3
2353	  0
2354	  5
2355	  2
2356	  3
2357	  4
2358	  4
2359	  5
2360	  4
2361	  5
2362	  3
2363	  4
2364	  2
2365	  5
2366	  3
2367	  3
2368	  4
2369	  1
2370	  1
2371	  4
2372	  5
2373	  3
2374	  5
2375	  0
2376	  4
2377	  3
2378	  6
2379	  5
2380	  0
2381	  6
2382	  1
2383	  5
2384	  1
2385	  4
2386	  1
2387	  1
2388	  1
2389	  6
2390	  2
2391	  1
2392	  3
2393	  1
2394	  5
2395	  1
2396	  5
2397	  5
2398	  5
2399	  1
2400	  4
2401	  6
2402	  4
2403	  2
2404	  0
2405	  4
2406	  3
2407	  5
2408	  3
2409	  2
2410	  0
2411	  3
2412	  4
2413	  2
2414	  5
2415	  5
2416	  3
2417	  1
2418	  3
2419	  5
2420	  2
2421	  5
2422	  4
2423	  1
2424	  2
2425	  5
2426	  5
2427	  6
2428	  1
2429	  5
2430	  2
2431	  2
2432	  2
2433	  0
2434	  1
2435	  3
2436	  1
2437	  3
2438	  3
2439	  2
2440	  4
2441	  2
2442	  2
2443	  5
2444	  4
2445	  2
2446	  5
2447	  0
2448	  3
2449	  1
2450	  3
2451	  3
2452	  3
2453	  2
2454	  5
2455	  2
2456	  3
2457	  2
2458	  4
2459	  6
2460	  5
2461	  3
2462	  2
2463	  5
2464	  4
2465	  3
2466	  4
2467	  1
2468	  3
2469	  4
2470	  2
2471	  1
2472	  5
2473	  2
2474	  6
2475	  1
2476	  5
2477	  3
2478	  1
2479	  1
2480	  5
2481	  1
2482	  3
2483	  5
2484	  4
2485	  4
2486	  5
2487	  6
2488	  3
2489	  2
2490	  6
2491	  1
2492	  4
2493	  6
2494	  6
2495	  1
2496	  1
2497	  0
2498	  3
2499	  1
2500	  0
2501	  0
2502	  0
2503	  2
2504	  2
2505	  2
2506	  2
2507	  6
2508	  0
2509	  3
2510	  6
2511	  4
2512	  2
2513	  3
2514	  2
2515	  6
2516	  0
2517	  1
2518	  2
2519	  5
2520	  5
2521	  0
2522	  1
2523	  6
2524	  3
2525	  2
2526	  1
2527	  3
2528	  3
2529	  1
2530	  3
2531	  1
2532	  2
2533	  6
2534	  4
2535	  3
2536	  3
2537	  0
2538	  3
2539	  1
2540	  3
2541	  4
2542	  0
2543	  5
2544	  0
2545	  5
2546	  0
2547	  1
2548	  2
2549	  1
2550	  5
2551	  5
2552	  4
2553	  4
2554	  6
2555	  2
2556	  4
2557	  2
2558	  0
2559	  1
2560	  0
2561	  2
2562	  3
2563	  2
2564	  4
2565	  3
2566	  4
2567	  0
2568	  1
2569	  5
2570	  0
2571	  3
2572	  2
2573	  3
2574	  5
2575	  2
2576	  2
2577	  0
2578	  4
2579	  5
2580	  2
2581	  2
2582	  5
2583	  1
2584	  5
2585	  4
2586	  0
2587	  6
2588	  2
2589	  4
2590	  5
2591	  3
2592	  3
2593	  0
2594	  2
2595	  5
2596	  6
2597	  3
2598	  5
2599	  4
2600	  5
2601	  0
2602	  2
2603	  5
2604	  3
2605	  6
2606	  2
2607	  0
2608	  5
2609	  2
2610	  3
2611	  0
2612	  2
2613	  1
2614	  1
2615	  2
2616	  4
2617	  2
2618	  6
2619	  5
2620	  4
2621	  3
2622	  1
2623	  0
2624	  3
2625	  0
2626	  6
2627	  3
2628	  2
2629	  1
2630	  0
2631	  3
2632	  4
2633	  0
2634	  1
2635	  6
2636	  2
2637	  0
2638	  3
2639	  1
2640	  3
2641	  2
2642	  2
2643	  2
2644	  5
2645	  5
2646	  2
2647	  3
2648	  1
2649	  2
2650	  2
2651	  5
2652	  2
2653	  6
2654	  0
2655	  3
2656	  4
2657	  1
2658	  2
2659	  2
2660	  5
2661	  2
2662	  2
2663	  5
2664	  6
2665	  2
2666	  1
2667	  1
2668	  3
2669	  4
2670	  4
2671	  5
2672	  5
2673	  0
2674	  1
2675	  0
2676	  2
2677	  5
2678	  3
2679	  5
2680	  2
2681	  5
2682	  1
2683	  0
2684	  4
2685	  2
2686	  2
2687	  5
2688	  4
2689	  2
2690	  1
2691	  2
2692	  5
2693	  3
2694	  2
2695	  2
2696	  2
2697	  4
2698	  0
2699	  1
2700	  0
2701	  5
2702	  5
2703	  0
2704	  0
2705	  5
2706	  0
2707	  0
2708	  6
2709	  6
2710	  5
2711	  6
2712	  5
2713	  3
2714	  0
2715	  6
2716	  4
2717	  0
2718	  0
2719	  5
2720	  3
2721	  2
2722	  6
2723	  4
2724	  3
2725	  2
2726	  1
2727	  4
2728	  2
2729	  6
2730	  0
2731	  3
2732	  6
2733	  3
2734	  5
2735	  6
2736	  1
2737	  5
2738	  4
2739	  2
2740	  3
2741	  4
2742	  0
2743	  6
2744	  3
2745	  2
2746	  6
2747	  4
2748	  4
2749	  6
2750	  5
2751	  3
2752	  4
2753	  2
2754	  2
2755	  0
2756	  6
2757	  3
2758	  0
2759	  0
2760	  5
2761	  6
2762	  6
2763	  5
2764	  6
2765	  3
2766	  3
2767	  6
2768	  3
2769	  0
2770	  5
2771	  4
2772	  6
2773	  5
2774	  2
2775	  1
2776	  6
2777	  5
2778	  3
2779	  6
2780	  5
2781	  3
2782	  6
2783	  1
2784	  5
2785	  1
2786	  2
2787	  3
2788	  6
2789	  2
2790	  5
2791	  6
2792	  2
2793	  6
2794	  1
2795	  5
2796	  3
2797	  2
2798	  3
2799	  3
2800	  4
2801	  6
2802	  3
2803	  2
2804	  0
2805	  6
2806	  0
2807	  3
2808	  3
2809	  1
2810	  4
2811	  6
2812	  1
2813	  1
2814	  4
2815	  6
2816	  1
2817	  5
2818	  3
2819	  3
2820	  6
2821	  1
2822	  2
2823	  2
2824	  2
2825	  5
2826	  6
2827	  2
2828	  5
2829	  2
2830	  3
2831	  1
2832	  2
2833	  3
2834	  0
2835	  4
2836	  2
2837	  6
2838	  0
2839	  5
2840	  5
2841	  2
2842	  3
2843	  6
2844	  5
2845	  6
2846	  2
2847	  1
2848	  6
2849	  3
2850	  2
2851	  4
2852	  1
2853	  1
2854	  3
2855	  1
2856	  4
2857	  1
2858	  5
2859	  5
2860	  1
2861	  2
2862	  0
2863	  5
2864	  2
2865	  3
2866	  1
2867	  5
2868	  4
2869	  1
2870	  4
2871	  1
2872	  6
2873	  4
2874	  2
2875	  1
2876	  1
2877	  5
2878	  1
2879	  0
2880	  0
2881	  2
2882	  5
2883	  3
2884	  1
2885	  1
2886	  5
2887	  5
2888	  1
2889	  3
2890	  1
2891	  4
2892	  4
2893	  1
2894	  0
2895	  5
2896	  2
2897	  0
2898	  5
2899	  2
2900	  2
2901	  4
2902	  2
2903	  0
2904	  5
2905	  6
2906	  2
2907	  3
2908	  6
2909	  2
2910	  3
2911	  3
2912	  3
2913	  1
2914	  5
2915	  5
2916	  6
2917	  3
2918	  4
2919	  0
2920	  2
2921	  3
2922	  1
2923	  3
2924	  6
2925	  2
2926	  1
2927	  4
2928	  5
2929	  3
2930	  1
2931	  2
2932	  2
2933	  3
2934	  2
2935	  3
2936	  0
2937	  5
2938	  3
2939	  5
2940	  5
2941	  1
2942	  1
2943	  1
2944	  1
2945	  5
2946	  1
2947	  3
2948	  0
2949	  1
2950	  5
2951	  5
2952	  1
2953	  0
2954	  3
2955	  4
2956	  5
2957	  2
2958	  2
2959	  0
2960	  2
2961	  0
2962	  6
2963	  4
2964	  3
2965	  5
2966	  2
2967	  2
2968	  0
2969	  0
2970	  0
2971	  6
2972	  1
2973	  0
2974	  3
2975	  2
2976	  1
2977	  4
2978	  3
2979	  5
2980	  5
2981	  0
2982	  3
2983	  0
2984	  3
2985	  2
2986	  0
2987	  4
2988	  0
2989	  2
2990	  4
2991	  0
2992	  5
2993	  3
2994	  5
2995	  2
2996	  0
2997	  3
2998	  1
2999	  5
3000	  5
3001	  5
3002	  5
3003	  2
3004	  3
3005	  2
3006	  5
3007	  6
3008	  1
3009	  3
3010	  0
3011	  0
3012	  5
3013	  5
3014	  2
3015	  3
3016	  1
3017	  5
3018	  1
3019	  2
3020	  3
3021	  5
3022	  0
3023	  4
3024	  0
3025	  3
3026	  2
3027	  1
3028	  6
3029	  5
3030	  4
3031	  5
3032	  5
3033	  0
3034	  0
3035	  2
3036	  6
3037	  5
3038	  1
3039	  0
3040	  4
3041	  3
3042	  3
3043	  2
3044	  1
3045	  0
3046	  5
3047	  5
3048	  0
3049	  1
3050	  0
3051	  6
3052	  4
3053	  5
3054	  1
3055	  5
3056	  3
3057	  3
3058	  3
3059	  0
3060	  2
3061	  2
3062	  3
3063	  2
3064	  5
3065	  5
3066	  1
3067	  5
3068	  5
3069	  2
3070	  6
3071	  6
3072	  4
3073	  5
3074	  5
3075	  6
3076	  2
3077	  1
3078	  2
3079	  5
3080	  6
3081	  4
3082	  2
3083	  2
3084	  1
3085	  2
3086	  3
3087	  0
3088	  1
3089	  5
3090	  3
3091	  2
3092	  3
3093	  6
3094	  1
3095	  6
3096	  2
3097	  1
3098	  3
3099	  0
3100	  3
3101	  2
3102	  5
3103	  1
3104	  1
3105	  4
3106	  2
3107	  1
3108	  2
3109	  1
3110	  6
3111	  4
3112	  3
3113	  3
3114	  3
3115	  6
3116	  1
3117	  4
3118	  3
3119	  1
3120	  0
3121	  5
3122	  3
3123	  0
3124	  3
3125	  3
3126	  3
3127	  4
3128	  1
3129	  5
3130	  3
3131	  1
3132	  2
3133	  4
3134	  2
3135	  5
3136	  3
3137	  6
3138	  2
3139	  1
3140	  4
3141	  5
3142	  2
3143	  1
3144	  3
3145	  1
3146	  3
3147	  6
3148	  3
3149	  1
3150	  5
3151	  1
3152	  5
3153	  3
3154	  1
3155	  1
3156	  0
3157	  3
3158	  3
3159	  3
3160	  5
3161	  5
3162	  4
3163	  2
3164	  1
3165	  6
3166	  5
3167	  3
3168	  1
3169	  1
3170	  5
3171	  4
3172	  1
3173	  1
3174	  1
3175	  3
3176	  1
3177	  0
3178	  6
3179	  4
3180	  1
3181	  2
3182	  1
3183	  3
3184	  2
3185	  3
3186	  1
3187	  5
3188	  0
3189	  2
3190	  3
3191	  4
3192	  0
3193	  2
3194	  0
3195	  5
3196	  3
3197	  6
3198	  5
3199	  2
3200	  2
3201	  5
3202	  1
3203	  6
3204	  1
3205	  2
3206	  2
3207	  3
3208	  3
3209	  2
3210	  3
3211	  1
3212	  3
3213	  4
3214	  2
3215	  3
3216	  2
3217	  6
3218	  3
3219	  0
3220	  2
3221	  2
3222	  3
3223	  2
3224	  4
3225	  0
3226	  3
3227	  5
3228	  6
3229	  4
3230	  2
3231	  2
3232	  6
3233	  5
3234	  3
3235	  2
3236	  3
3237	  3
3238	  5
3239	  4
3240	  2
3241	  2
3242	  5
3243	  0
3244	  6
3245	  3
3246	  3
3247	  2
3248	  1
3249	  4
3250	  5
3251	  0
3252	  2
3253	  2
3254	  6
3255	  1
3256	  5
3257	  1
3258	  5
3259	  5
3260	  3
3261	  5
3262	  5
3263	  0
3264	  2
3265	  1
3266	  1
3267	  4
3268	  1
3269	  2
3270	  0
3271	  0
3272	  6
3273	  0
3274	  3
3275	  3
3276	  4
3277	  3
3278	  2
3279	  3
3280	  4
3281	  4
3282	  5
3283	  2
3284	  4
3285	  4
3286	  5
3287	  6
3288	  3
3289	  0
3290	  2
3291	  2
3292	  2
3293	  3
3294	  2
3295	  5
3296	  3
3297	  1
3298	  3
3299	  4
3300	  5
3301	  5
3302	  1
3303	  1
3304	  5
3305	  2
3306	  1
3307	  0
3308	  1
3309	  1
3310	  2
3311	  3
3312	  0
3313	  6
3314	  1
3315	  4
3316	  0
3317	  5
3318	  0
3319	  3
3320	  2
3321	  2
3322	  0
3323	  5
3324	  3
3325	  6
3326	  0
3327	  2
3328	  3
3329	  1
3330	  2
3331	  3
3332	  6
3333	  3
3334	  6
3335	  2
3336	  2
3337	  1
3338	  6
3339	  2
3340	  2
3341	  1
3342	  2
3343	  1
3344	  3
3345	  4
3346	  1
3347	  0
3348	  2
3349	  1
3350	  1
3351	  2
3352	  1
3353	  6
3354	  0
3355	  1
3356	  4
3357	  2
3358	  1
3359	  2
3360	  2
3361	  2
3362	  2
3363	  0
3364	  2
3365	  2
3366	  2
3367	  1
3368	  0
3369	  1
3370	  0
3371	  4
3372	  6
3373	  6
3374	  6
3375	  3
3376	  6
3377	  1
3378	  6
3379	  5
3380	  6
3381	  1
3382	  6
3383	  1
3384	  4
3385	  1
3386	  6
3387	  3
3388	  6
3389	  1
3390	  1
3391	  3
3392	  1
3393	  6
3394	  6
3395	  5
3396	  0
3397	  1
3398	  6
3399	  3
3400	  5
3401	  2
3402	  3
3403	  1
3404	  5
3405	  0
3406	  1
3407	  0
3408	  4
3409	  2
3410	  5
3411	  6
3412	  1
3413	  3
3414	  2
3415	  4
3416	  2
3417	  6
3418	  2
3419	  6
3420	  0
3421	  1
3422	  5
3423	  5
3424	  5
3425	  2
3426	  1
3427	  5
3428	  5
3429	  1
3430	  1
3431	  0
3432	  2
3433	  1
3434	  3
3435	  6
3436	  4
3437	  3
3438	  6
3439	  1
3440	  0
3441	  5
3442	  2
3443	  0
3444	  1
3445	  2
3446	  5
3447	  1
3448	  5
3449	  4
3450	  5
3451	  6
3452	  4
3453	  4
3454	  2
3455	  2
3456	  5
3457	  6
3458	  1
3459	  4
3460	  3
3461	  2
3462	  3
3463	  2
3464	  3
3465	  5
3466	  3
3467	  3
3468	  5
3469	  5
3470	  2
3471	  5
3472	  6
3473	  1
3474	  5
3475	  4
3476	  5
3477	  6
3478	  1
3479	  4
3480	  4
3481	  4
3482	  1
3483	  0
3484	  2
3485	  3
3486	  3
3487	  2
3488	  3
3489	  3
3490	  3
3491	  3
3492	  2
3493	  5
3494	  4
3495	  6
3496	  1
3497	  6
3498	  0
3499	  3
3500	  5
3501	  2
3502	  2
3503	  1
3504	  4
3505	  6
3506	  2
3507	  3
3508	  3
3509	  2
3510	  3
3511	  5
3512	  3
3513	  5
3514	  3
3515	  2
3516	  2
3517	  2
3518	  2
3519	  5
3520	  4
3521	  3
3522	  5
3523	  4
3524	  1
3525	  0
3526	  4
3527	  5
3528	  2
3529	  2
3530	  3
3531	  1
3532	  5
3533	  3
3534	  6
3535	  5
3536	  3
3537	  6
3538	  5
3539	  5
3540	  0
3541	  5
3542	  4
3543	  1
3544	  1
3545	  1
3546	  0
3547	  1
3548	  1
3549	  5
3550	  2
3551	  1
3552	  1
3553	  2
3554	  2
3555	  0
3556	  6
3557	  5
3558	  1
3559	  1
3560	  6
3561	  6
3562	  2
3563	  5
3564	  1
3565	  1
3566	  2
3567	  2
3568	  2
3569	  2
3570	  0
3571	  1
3572	  2
3573	  5
3574	  2
3575	  3
3576	  6
3577	  3
3578	  3
3579	  3
3580	  2
3581	  3
3582	  6
3583	  2
3584	  6
3585	  0
3586	  5
3587	  6
3588	  1
3589	  6
3590	  2
3591	  2
3592	  3
3593	  5
3594	  2
3595	  2
3596	  1
3597	  1
3598	  3
3599	  5
3600	  1
3601	  5
3602	  3
3603	  1
3604	  6
3605	  6
3606	  3
3607	  0
3608	  0
3609	  2
3610	  1
3611	  2
3612	  1
3613	  1
3614	  2
3615	  6
3616	  6
3617	  1
3618	  5
3619	  5
3620	  3
3621	  6
3622	  4
3623	  2
3624	  1
3625	  0
3626	  3
3627	  3
3628	  3
3629	  4
3630	  5
3631	  0
3632	  6
3633	  3
3634	  3
3635	  2
3636	  2
3637	  5
3638	  2
3639	  0
3640	  0
3641	  3
3642	  5
3643	  3
3644	  3
3645	  6
3646	  4
3647	  2
3648	  3
3649	  6
3650	  6
3651	  1
3652	  3
3653	  3
3654	  4
3655	  3
3656	  0
3657	  0
3658	  5
3659	  2
3660	  6
3661	  2
3662	  5
3663	  2
3664	  2
3665	  2
3666	  3
3667	  3
3668	  0
3669	  6
3670	  1
3671	  1
3672	  2
3673	  2
3674	  0
3675	  1
3676	  2
3677	  6
3678	  5
3679	  2
3680	  5
3681	  1
3682	  5
3683	  2
3684	  2
3685	  3
3686	  4
3687	  3
3688	  1
3689	  3
3690	  2
3691	  6
3692	  3
3693	  6
3694	  2
3695	  5
3696	  2
3697	  5
3698	  6
3699	  4
3700	  4
3701	  4
3702	  2
3703	  1
3704	  6
3705	  3
3706	  4
3707	  2
3708	  2
3709	  4
3710	  6
3711	  5
3712	  0
3713	  0
3714	  1
3715	  1
3716	  1
3717	  6
3718	  2
3719	  0
3720	  6
3721	  2
3722	  2
3723	  3
3724	  1
3725	  5
3726	  3
3727	  1
3728	  5
3729	  5
3730	  0
3731	  0
3732	  3
3733	  2
3734	  5
3735	  1
3736	  5
3737	  5
3738	  5
3739	  6
3740	  3
3741	  2
3742	  3
3743	  1
3744	  1
3745	  3
3746	  5
3747	  3
3748	  4
3749	  3
3750	  3
3751	  0
3752	  6
3753	  5
3754	  3
3755	  6
3756	  3
3757	  0
3758	  1
3759	  3
3760	  1
3761	  2
3762	  5
3763	  0
3764	  2
3765	  2
3766	  6
3767	  1
3768	  2
3769	  1
3770	  3
3771	  1
3772	  1
3773	  0
3774	  6
3775	  4
3776	  2
3777	  4
3778	  0
3779	  2
3780	  5
3781	  3
3782	  1
3783	  5
3784	  2
3785	  3
3786	  5
3787	  2
3788	  6
3789	  5
3790	  6
3791	  5
3792	  1
3793	  5
3794	  1
3795	  6
3796	  6
3797	  2
3798	  3
3799	  2
3800	  2
3801	  3
3802	  5
3803	  2
3804	  5
3805	  6
3806	  5
3807	  6
3808	  4
3809	  5
3810	  5
3811	  2
3812	  0
3813	  3
3814	  0
3815	  2
3816	  3
3817	  2
3818	  2
3819	  2
3820	  5
3821	  3
3822	  5
3823	  0
3824	  1
3825	  5
3826	  1
3827	  0
3828	  3
3829	  0
3830	  5
3831	  3
3832	  1
3833	  6
3834	  5
3835	  3
3836	  2
3837	  5
3838	  0
3839	  5
3840	  3
3841	  0
3842	  5
3843	  5
3844	  6
3845	  5
3846	  5
3847	  1
3848	  0
3849	  0
3850	  2
3851	  3
3852	  6
3853	  3
3854	  3
3855	  3
3856	  5
3857	  4
3858	  6
3859	  2
3860	  6
3861	  1
3862	  3
3863	  3
3864	  6
3865	  5
3866	  6
3867	  3
3868	  1
3869	  0
3870	  6
3871	  1
3872	  3
3873	  3
3874	  2
3875	  0
3876	  1
3877	  0
3878	  2
3879	  5
3880	  1
3881	  5
3882	  3
3883	  3
3884	  3
3885	  1
3886	  1
3887	  3
3888	  1
3889	  4
3890	  3
3891	  2
3892	  1
3893	  5
3894	  6
3895	  5
3896	  1
3897	  2
3898	  4
3899	  1
3900	  3
3901	  5
3902	  3
3903	  6
3904	  5
3905	  0
3906	  3
3907	  2
3908	  3
3909	  6
3910	  6
3911	  2
3912	  1
3913	  2
3914	  5
3915	  3
3916	  4
3917	  2
3918	  1
3919	  5
3920	  2
3921	  3
3922	  3
3923	  3
3924	  2
3925	  1
3926	  2
3927	  1
3928	  1
3929	  5
3930	  3
3931	  5
3932	  5
3933	  0
3934	  0
3935	  0
3936	  4
3937	  5
3938	  1
3939	  1
3940	  6
3941	  3
3942	  2
3943	  0
3944	  3
3945	  6
3946	  2
3947	  3
3948	  4
3949	  1
3950	  6
3951	  2
3952	  5
3953	  0
3954	  2
3955	  1
3956	  1
3957	  4
3958	  1
3959	  0
3960	  3
3961	  2
3962	  5
3963	  2
3964	  6
3965	  0
3966	  3
3967	  3
3968	  0
3969	  3
3970	  2
3971	  6
3972	  6
3973	  5
3974	  5
3975	  2
3976	  3
3977	  0
3978	  5
3979	  1
3980	  1
3981	  1
3982	  0
3983	  5
3984	  2
3985	  4
3986	  1
3987	  0
3988	  0
3989	  3
3990	  1
3991	  5
3992	  0
3993	  3
3994	  2
3995	  2
3996	  1
3997	  0
3998	  4
3999	  5
4000	  4
4001	  3
4002	  3
4003	  2
4004	  5
4005	  2
4006	  3
4007	  6
4008	  2
4009	  0
4010	  2
4011	  2
4012	  5
4013	  6
4014	  2
4015	  1
4016	  1
4017	  3
4018	  1
4019	  1
4020	  1
4021	  3
4022	  5
4023	  2
4024	  3
4025	  5
4026	  3
4027	  3
4028	  6
4029	  3
4030	  5
4031	  6
4032	  3
4033	  1
4034	  0
4035	  6
4036	  4
4037	  2
4038	  1
4039	  5
4040	  3
4041	  3
4042	  2
4043	  4
4044	  1
4045	  0
4046	  2
4047	  1
4048	  2
4049	  4
4050	  3
4051	  2
4052	  2
4053	  5
4054	  3
4055	  3
4056	  3
4057	  1
4058	  0
4059	  2
4060	  2
4061	  0
4062	  3
4063	  6
4064	  3
4065	  6
4066	  6
4067	  6
4068	  5
4069	  2
4070	  5
4071	  0
4072	  3
4073	  5
4074	  3
4075	  3
4076	  1
4077	  3
4078	  4
4079	  2
4080	  2
4081	  0
4082	  4
4083	  3
4084	  0
4085	  6
4086	  1
4087	  0
4088	  2
4089	  1
4090	  3
4091	  0
4092	  1
4093	  5
4094	  6
4095	  6
4096	  6
4097	  2
4098	  2
4099	  5
4100	  2
4101	  2
4102	  6
4103	  2
4104	  0
4105	  2
4106	  5
4107	  0
4108	  3
4109	  5
4110	  5
4111	  0
4112	  3
4113	  2
4114	  0
4115	  4
4116	  6
4117	  2
4118	  5
4119	  3
4120	  3
4121	  1
4122	  2
4123	  1
4124	  0
4125	  5
4126	  3
4127	  2
4128	  3
4129	  4
4130	  1
4131	  3
4132	  3
4133	  5
4134	  6
4135	  1
4136	  3
4137	  5
4138	  6
4139	  3
4140	  5
4141	  5
4142	  2
4143	  3
4144	  2
4145	  1
4146	  5
4147	  0
4148	  3
4149	  0
4150	  6
4151	  2
4152	  1
4153	  5
4154	  1
4155	  2
4156	  3
4157	  3
4158	  2
4159	  1
4160	  3
4161	  2
4162	  5
4163	  5
4164	  5
4165	  6
4166	  3
4167	  2
4168	  5
4169	  1
4170	  2
4171	  2
4172	  5
4173	  3
4174	  3
4175	  1
4176	  0
4177	  5
4178	  5
4179	  3
4180	  5
4181	  2
4182	  6
4183	  2
4184	  6
4185	  5
4186	  2
4187	  2
4188	  5
4189	  3
4190	  2
4191	  2
4192	  0
4193	  3
4194	  5
4195	  5
4196	  3
4197	  5
4198	  3
4199	  2
4200	  2
4201	  4
4202	  0
4203	  5
4204	  2
4205	  1
4206	  4
4207	  2
4208	  0
4209	  6
4210	  3
4211	  3
4212	  1
4213	  1
4214	  0
4215	  0
4216	  4
4217	  3
4218	  2
4219	  0
4220	  1
4221	  3
4222	  2
4223	  1
4224	  3
4225	  0
4226	  5
4227	  5
4228	  2
4229	  1
4230	  5
4231	  4
4232	  2
4233	  5
4234	  0
4235	  5
4236	  1
4237	  5
4238	  1
4239	  0
4240	  3
4241	  3
4242	  3
4243	  5
4244	  5
4245	  1
4246	  6
4247	  6
4248	  6
4249	  3
4250	  2
4251	  4
4252	  0
4253	  3
4254	  5
4255	  3
4256	  5
4257	  1
4258	  5
4259	  3
4260	  6
4261	  2
4262	  2
4263	  5
4264	  3
4265	  2
4266	  5
4267	  0
4268	  5
4269	  3
4270	  0
4271	  1
4272	  0
4273	  1
4274	  3
4275	  2
4276	  1
4277	  3
4278	  3
4279	  5
4280	  2
4281	  2
4282	  5
4283	  6
4284	  5
4285	  5
4286	  1
4287	  1
4288	  0
4289	  1
4290	  3
4291	  5
4292	  1
4293	  5
4294	  2
4295	  1
4296	  5
4297	  0
4298	  3
4299	  0
4300	  0
4301	  3
4302	  2
4303	  4
4304	  3
4305	  1
4306	  2
4307	  6
4308	  2
4309	  5
4310	  0
4311	  1
4312	  5
4313	  6
4314	  2
4315	  4
4316	  1
4317	  3
4318	  6
4319	  6
4320	  2
4321	  6
4322	  1
4323	  3
4324	  2
4325	  1
4326	  3
4327	  6
4328	  3
4329	  6
4330	  0
4331	  5
4332	  2
4333	  5
4334	  3
4335	  1
4336	  1
4337	  5
4338	  2
4339	  3
4340	  2
4341	  3
4342	  5
4343	  6
4344	  5
4345	  3
4346	  3
4347	  6
4348	  2
4349	  6
4350	  5
4351	  5
4352	  5
4353	  3
4354	  3
4355	  1
4356	  0
4357	  6
4358	  0
4359	  1
4360	  0
4361	  2
4362	  3
4363	  5
4364	  4
4365	  2
4366	  1
4367	  6
4368	  1
4369	  0
4370	  1
4371	  3
4372	  1
4373	  1
4374	  2
4375	  5
4376	  5
4377	  2
4378	  5
4379	  1
4380	  4
4381	  1
4382	  4
4383	  3
