  0	  2
  1	  4
  2	  6
  3	  2
  4	  3
  5	  3
  6	  4
  7	  2
  8	  5
  9	  3
 10	  1
 11	  2
 12	  0
 13	  5
 14	  0
 15	  2
 16	  3
 17	  0
 18	  5
 19	  3
 20	  6
 21	  3
 22	  4
 23	  5
 24	  2
 25	  6
 26	  3
 27	  3
 28	  0
 29	  2
 30	  4
 31	  1
 32	  5
 33	  0
 34	  2
 35	  2
 36	  2
 37	  3
 38	  2
 39	  0
 40	  2
 41	  3
 42	  2
 43	  5
 44	  5
 45	  2
 46	  1
 47	  3
 48	  4
 49	  3
 50	  2
 51	  2
 52	  1
 53	  4
 54	  6
 55	  5
 56	  1
 57	  0
 58	  6
 59	  2
 60	  2
 61	  5
 62	  3
 63	  4
 64	  6
 65	  2
 66	  0
 67	  5
 68	  2
 69	  6
 70	  3
 71	  0
 72	  5
 73	  6
 74	  5
 75	  5
 76	  6
 77	  1
 78	  5
 79	  2
 80	  5
 81	  0
 82	  2
 83	  2
 84	  4
 85	  0
 86	  3
 87	  2
 88	  6
 89	  0
 90	  2
 91	  0
 92	  4
 93	  3
 94	  0
 95	  2
 96	  2
 97	  1
 98	  1
 99	  5
100	  2
101	  3
102	  2
103	  0
104	  5
105	  4
106	  3
107	  3
108	  2
109	  2
110	  4
111	  2
112	  1
113	  2
114	  0
115	  5
116	  4
117	  5
118	  2
119	  4
120	  4
121	  4
122	  5
123	  6
124	  3
125	  4
126	  4
127	  3
128	  2
129	  0
130	  3
131	  0
132	  5
133	  1
134	  0
135	  0
136	  3
137	  5
138	  6
139	  0
140	  5
141	  1
142	  3
143	  0
144	  0
145	  4
146	  0
147	  5
148	  0
149	  2
150	  0
151	  6
152	  2
153	  6
154	  0
155	  2
156	  5
157	  2
158	  0
159	  2
160	  3
161	  1
162	  2
163	  2
164	  1
165	  6
166	  0
167	  0
168	  5
169	  3
170	  4
171	  0
172	  0
173	  1
174	  5
175	  5
176	  6
177	  1
178	  0
179	  4
180	  3
181	  4
182	  5
183	  2
184	  0
185	  4
186	  6
187	  2
188	  5
189	  4
190	  0
191	  5
192	  5
193	  3
194	  2
195	  1
196	  5
197	  0
198	  0
199	  1
200	  5
201	  1
202	  0
203	  0
204	  4
205	  2
206	  2
207	  0
208	  2
209	  2
210	  2
211	  6
212	  6
213	  6
214	  3
215	  3
216	  3
217	  4
218	  3
219	  2
220	  6
221	  3
222	  0
223	  3
224	  0
225	  5
226	  6
227	  2
228	  2
229	  6
230	  4
231	  2
232	  0
233	  0
234	  4
235	  0
236	  2
237	  0
238	  0
239	  0
240	  2
241	  0
242	  3
243	  0
244	  4
245	  6
246	  2
247	  2
248	  0
249	  0
250	  0
251	  2
252	  6
253	  4
254	  0
255	  2
256	  6
257	  0
258	  5
259	  0
260	  5
261	  0
262	  5
263	  5
264	  1
265	  5
266	  1
267	  5
268	  5
269	  2
270	  2
271	  0
272	  1
273	  3
274	  6
275	  0
276	  2
277	  3
278	  2
279	  3
280	  3
281	  0
282	  2
283	  5
284	  2
285	  4
286	  3
287	  4
288	  2
289	  1
290	  2
291	  0
292	  5
293	  0
294	  2
295	  0
296	  5
297	  4
298	  4
299	  2
300	  3
301	  3
302	  3
303	  4
304	  0
305	  2
306	  3
307	  2
308	  6
309	  6
310	  3
311	  2
312	  3
313	  3
314	  4
315	  1
316	  0
317	  2
318	  5
319	  5
320	  6
321	  0
322	  0
323	  0
324	  0
325	  2
326	  2
327	  6
328	  4
329	  1
330	  5
331	  1
332	  0
333	  5
334	  3
335	  5
336	  5
337	  6
338	  3
339	  4
340	  0
341	  6
342	  4
343	  2
344	  1
345	  6
346	  2
347	  0
348	  0
349	  2
350	  3
351	  2
352	  1
353	  5
354	  5
355	  3
356	  2
357	  4
358	  3
359	  3
360	  3
361	  3
362	  2
363	  0
364	  5
365	  5
366	  6
367	  0
368	  5
369	  0
370	  3
371	  3
372	  0
373	  4
374	  6
375	  3
376	  4
377	  6
378	  2
379	  6
380	  3
381	  2
382	  4
383	  2
384	  4
385	  3
386	  3
387	  4
388	  5
389	  5
390	  1
391	  2
392	  2
393	  5
394	  6
395	  0
396	  3
397	  2
398	  5
399	  2
400	  5
401	  6
402	  2
403	  1
404	  2
405	  0
406	  4
407	  6
408	  6
409	  3
410	  2
411	  3
412	  0
413	  4
414	  3
415	  1
416	  0
417	  0
418	  5
419	  3
420	  2
421	  0
422	  5
423	  6
424	  2
425	  1
426	  0
427	  0
428	  4
429	  3
430	  0
431	  4
432	  4
433	  5
434	  0
435	  5
436	  0
437	  4
438	  3
439	  0
440	  0
441	  2
442	  0
443	  3
444	  4
445	  0
446	  3
447	  5
448	  2
449	  0
450	  0
451	  6
452	  5
453	  6
454	  0
455	  0
456	  1
457	  3
458	  0
459	  1
460	  0
461	  4
462	  2
463	  5
464	  4
465	  1
466	  2
467	  3
468	  0
469	  5
470	  3
471	  2
472	  1
473	  4
474	  4
475	  0
476	  1
477	  6
478	  0
479	  6
480	  0
481	  2
482	  5
483	  2
484	  2
485	  4
486	  2
487	  4
488	  5
489	  4
490	  0
491	  5
492	  3
493	  5
494	  0
495	  0
496	  2
497	  0
498	  0
499	  5
500	  2
501	  6
502	  4
503	  3
504	  1
505	  0
506	  2
507	  6
508	  6
509	  0
510	  0
511	  0
512	  0
513	  0
514	  3
515	  2
516	  1
517	  0
518	  5
519	  3
520	  2
521	  0
522	  3
523	  3
524	  3
525	  6
526	  1
527	  2
528	  6
529	  5
530	  1
531	  1
532	  5
533	  1
534	  2
535	  0
536	  6
537	  5
538	  3
539	  2
540	  5
541	  3
542	  1
543	  5
544	  0
545	  4
546	  4
547	  4
548	  3
549	  4
550	  6
551	  2
552	  2
553	  2
554	  5
555	  0
556	  0
557	  2
558	  2
559	  3
560	  2
561	  1
562	  4
563	  4
564	  6
565	  3
566	  3
567	  0
568	  5
569	  1
570	  2
571	  2
572	  3
573	  2
574	  3
575	  4
576	  5
577	  0
578	  1
579	  2
580	  0
581	  4
582	  2
583	  3
584	  2
585	  6
586	  2
587	  1
588	  2
589	  2
590	  4
591	  5
592	  1
593	  5
594	  5
595	  3
596	  2
597	  3
598	  1
599	  2
600	  6
601	  0
602	  2
603	  1
604	  0
605	  3
606	  5
607	  2
608	  6
609	  0
610	  2
611	  3
612	  4
613	  2
614	  3
615	  0
616	  5
617	  6
618	  0
619	  3
620	  5
621	  3
622	  2
623	  6
624	  5
625	  4
626	  2
627	  0
628	  5
629	  2
630	  3
631	  4
632	  2
633	  5
634	  2
635	  1
636	  4
637	  6
638	  1
639	  6
640	  3
641	  2
642	  2
643	  4
644	  5
645	  2
646	  2
647	  0
648	  2
649	  3
650	  5
651	  0
652	  2
653	  1
654	  5
655	  1
656	  5
657	  0
658	  0
659	  2
660	  1
661	  6
662	  0
663	  2
664	  5
665	  3
666	  2
667	  1
668	  0
669	  2
670	  1
671	  2
672	  0
673	  2
674	  2
675	  0
676	  3
677	  2
678	  4
679	  5
680	  3
681	  2
682	  1
683	  2
684	  2
685	  4
686	  0
687	  3
688	  4
689	  4
690	  3
691	  6
692	  4
693	  5
694	  2
695	  0
696	  2
697	  1
698	  4
699	  3
700	  5
701	  3
702	  5
703	  0
704	  0
705	  0
706	  0
707	  2
708	  2
709	  1
710	  4
711	  3
712	  5
713	  0
714	  3
715	  0
716	  0
717	  4
718	  5
719	  4
720	  3
721	  4
722	  0
723	  6
724	  0
725	  2
726	  0
727	  2
728	  3
729	  5
730	  0
731	  0
732	  2
733	  3
734	  0
735	  2
736	  4
737	  2
738	  5
739	  4
740	  3
741	  2
742	  0
743	  0
744	  5
745	  3
746	  2
747	  3
748	  0
749	  2
750	  5
751	  6
752	  2
753	  5
754	  5
755	  2
756	  2
757	  3
758	  2
759	  1
760	  0
761	  2
762	  5
763	  3
764	  5
765	  1
766	  3
767	  6
768	  2
769	  1
770	  0
771	  1
772	  2
773	  3
774	  5
775	  0
776	  4
777	  5
778	  3
779	  5
780	  2
781	  3
782	  0
783	  5
784	  1
785	  3
786	  6
787	  1
788	  0
789	  1
790	  4
791	  3
792	  0
793	  4
794	  0
795	  2
796	  5
797	  0
798	  2
799	  4
800	  6
801	  2
802	  5
803	  3
804	  3
805	  5
806	  2
807	  5
808	  1
809	  4
810	  2
811	  3
812	  0
813	  0
814	  2
815	  6
816	  5
817	  0
818	  5
819	  2
820	  2
821	  1
822	  1
823	  0
824	  2
825	  2
826	  1
827	  6
828	  0
829	  0
830	  4
831	  5
832	  0
833	  0
834	  2
835	  4
836	  3
837	  2
838	  2
839	  0
840	  5
841	  1
842	  4
843	  3
844	  2
845	  0
846	  6
847	  5
848	  5
849	  6
850	  0
851	  6
852	  6
853	  0
854	  4
855	  5
856	  5
857	  3
858	  0
859	  3
860	  0
861	  0
862	  4
863	  5
864	  4
865	  2
866	  1
867	  3
868	  0
869	  0
870	  2
871	  2
872	  5
873	  5
874	  3
875	  2
876	  2
877	  5
878	  2
879	  3
880	  2
881	  5
882	  3
883	  5
884	  6
885	  0
886	  1
887	  2
888	  2
889	  3
890	  2
891	  4
892	  2
893	  3
894	  2
895	  2
896	  5
897	  2
898	  4
899	  0
900	  5
901	  5
902	  5
903	  5
904	  5
905	  3
906	  5
907	  4
908	  1
909	  2
910	  6
911	  2
912	  2
913	  3
914	  2
915	  5
916	  2
917	  2
918	  2
919	  0
920	  5
921	  2
922	  1
923	  4
924	  1
925	  0
926	  2
927	  3
928	  1
929	  0
930	  5
931	  2
932	  2
933	  5
934	  6
935	  4
936	  3
937	  4
938	  1
939	  2
940	  4
941	  4
942	  4
943	  4
944	  5
945	  2
946	  4
947	  2
948	  5
949	  2
950	  5
951	  2
952	  3
953	  4
954	  0
955	  0
956	  0
957	  2
958	  0
959	  3
960	  2
961	  5
962	  3
963	  4
964	  2
965	  0
966	  0
967	  1
968	  4
969	  2
970	  4
971	  0
972	  5
973	  0
974	  5
975	  0
976	  3
977	  4
978	  6
979	  3
980	  5
981	  5
982	  2
983	  0
984	  5
985	  6
986	  3
987	  0
988	  2
989	  3
990	  5
991	  5
992	  4
993	  0
994	  1
995	  0
996	  3
997	  4
998	  2
999	  5
1000	  6
1001	  2
1002	  2
1003	  2
1004	  2
1005	  1
1006	  0
1007	  1
1008	  4
1009	  2
1010	  0
1011	  5
1012	  5
1013	  5
1014	  6
1015	  5
1016	  1
1017	  1
1018	  5
1019	  0
1020	  2
1021	  0
1022	  2
1023	  0
1024	  4
1025	  4
1026	  0
1027	  0
1028	  2
1029	  5
1030	  2
1031	  1
1032	  5
1033	  0
1034	  2
1035	  3
1036	  5
1037	  5
1038	  3
1039	  2
1040	  1
1041	  2
1042	  0
1043	  2
1044	  1
1045	  5
1046	  3
1047	  2
1048	  3
1049	  2
1050	  4
1051	  0
1052	  5
1053	  1
1054	  2
1055	  1
1056	  3
1057	  0
1058	  1
1059	  2
1060	  5
1061	  0
1062	  6
1063	  5
1064	  6
1065	  0
1066	  2
1067	  0
1068	  4
1069	  2
1070	  0
1071	  2
1072	  1
1073	  3
1074	  0
1075	  5
1076	  1
1077	  0
1078	  2
1079	  3
1080	  4
1081	  2
1082	  6
1083	  3
1084	  6
1085	  0
1086	  5
1087	  2
1088	  3
1089	  2
1090	  4
1091	  2
1092	  4
1093	  3
1094	  0
1095	  5
1096	  5
1097	  2
1098	  6
1099	  0
1100	  2
1101	  1
1102	  2
1103	  0
1104	  3
1105	  4
1106	  4
1107	  3
1108	  6
1109	  3
1110	  4
1111	  3
1112	  5
1113	  3
1114	  2
1115	  1
1116	  2
1117	  2
1118	  2
1119	  3
1120	  5
1121	  3
1122	  1
1123	  2
1124	  4
1125	  2
1126	  2
1127	  6
1128	  4
1129	  2
1130	  4
1131	  5
1132	  3
1133	  2
1134	  2
1135	  2
1136	  5
1137	  5
1138	  2
1139	  0
1140	  5
1141	  0
1142	  2
1143	  6
1144	  5
1145	  5
1146	  3
1147	  2
1148	  2
1149	  2
1150	  2
1151	  2
1152	  0
1153	  2
1154	  0
1155	  6
1156	  0
1157	  2
1158	  0
1159	  0
1160	  4
1161	  6
1162	  0
1163	  5
1164	  4
1165	  4
1166	  4
1167	  0
1168	  4
1169	  0
1170	  5
1171	  5
1172	  1
1173	  0
1174	  4
1175	  4
1176	  5
1177	  1
1178	  0
1179	  5
1180	  1
1181	  0
1182	  0
1183	  5
1184	  3
1185	  2
1186	  3
1187	  2
1188	  2
1189	  0
1190	  3
1191	  2
1192	  4
1193	  1
1194	  0
1195	  5
1196	  2
1197	  1
1198	  2
1199	  4
1200	  0
1201	  5
1202	  1
1203	  2
1204	  0
1205	  3
1206	  4
1207	  3
1208	  0
1209	  2
1210	  0
1211	  0
1212	  0
1213	  3
1214	  2
1215	  2
1216	  2
1217	  4
1218	  2
1219	  4
1220	  5
1221	  3
1222	  2
1223	  4
1224	  2
1225	  3
1226	  2
1227	  4
1228	  0
1229	  6
1230	  0
1231	  0
1232	  3
1233	  0
1234	  3
1235	  5
1236	  4
1237	  4
1238	  1
1239	  3
1240	  5
1241	  5
1242	  1
1243	  0
1244	  3
1245	  0
1246	  5
1247	  3
1248	  2
1249	  2
1250	  5
1251	  4
1252	  4
1253	  3
1254	  2
1255	  1
1256	  3
1257	  1
1258	  0
1259	  5
1260	  6
1261	  5
1262	  5
1263	  6
1264	  4
1265	  0
1266	  0
1267	  4
1268	  3
1269	  0
1270	  5
1271	  4
1272	  5
1273	  3
1274	  5
1275	  3
1276	  0
1277	  6
1278	  5
1279	  4
1280	  0
1281	  5
1282	  1
1283	  5
1284	  5
1285	  5
1286	  4
1287	  5
1288	  2
1289	  0
1290	  4
1291	  0
1292	  2
1293	  3
1294	  3
1295	  5
1296	  1
1297	  2
1298	  2
1299	  1
1300	  0
1301	  2
1302	  3
1303	  3
1304	  2
1305	  5
1306	  1
1307	  4
1308	  5
1309	  3
1310	  2
1311	  3
1312	  5
1313	  2
1314	  3
1315	  2
1316	  0
1317	  6
1318	  0
1319	  3
1320	  5
1321	  1
1322	  0
1323	  4
1324	  2
1325	  5
1326	  1
1327	  5
1328	  6
1329	  5
1330	  5
1331	  1
1332	  2
1333	  3
1334	  4
1335	  2
1336	  3
1337	  5
1338	  2
1339	  2
1340	  4
1341	  1
1342	  5
1343	  5
1344	  0
1345	  0
1346	  1
1347	  2
1348	  0
1349	  1
1350	  6
1351	  3
1352	  2
1353	  5
1354	  6
1355	  0
1356	  3
1357	  2
1358	  5
1359	  2
1360	  2
1361	  4
1362	  5
1363	  0
1364	  6
1365	  2
1366	  2
1367	  4
1368	  2
1369	  2
1370	  3
1371	  0
1372	  2
1373	  6
1374	  0
1375	  6
1376	  1
1377	  0
1378	  2
1379	  3
1380	  0
1381	  0
1382	  3
1383	  5
1384	  4
1385	  2
1386	  0
1387	  5
1388	  0
1389	  0
1390	  3
1391	  3
1392	  0
1393	  3
1394	  6
1395	  4
1396	  2
1397	  1
1398	  6
1399	  3
1400	  3
1401	  2
1402	  5
1403	  1
1404	  2
1405	  6
1406	  2
1407	  3
1408	  2
1409	  1
1410	  2
1411	  3
1412	  4
1413	  6
1414	  5
1415	  6
1416	  0
1417	  6
1418	  6
1419	  3
1420	  4
1421	  2
1422	  2
1423	  3
1424	  5
1425	  3
1426	  1
1427	  2
1428	  5
1429	  3
1430	  0
1431	  2
1432	  5
1433	  4
1434	  5
1435	  2
1436	  5
1437	  2
1438	  4
1439	  0
1440	  0
1441	  3
1442	  3
1443	  6
1444	  4
1445	  0
1446	  2
1447	  5
1448	  3
1449	  6
1450	  2
1451	  3
1452	  1
1453	  3
1454	  2
1455	  6
1456	  3
1457	  0
1458	  0
1459	  2
1460	  0
1461	  2
1462	  0
1463	  6
1464	  2
1465	  5
1466	  5
1467	  2
1468	  2
1469	  2
1470	  3
1471	  0
1472	  0
1473	  3
1474	  4
1475	  0
1476	  1
1477	  2
1478	  2
1479	  6
1480	  2
1481	  0
1482	  5
1483	  3
1484	  3
1485	  5
1486	  2
1487	  0
1488	  5
1489	  1
1490	  6
1491	  4
1492	  3
1493	  0
1494	  4
1495	  2
1496	  0
1497	  5
1498	  4
1499	  4
1500	  0
1501	  4
1502	  3
1503	  2
1504	  5
1505	  5
1506	  3
1507	  2
1508	  0
1509	  4
1510	  2
1511	  0
1512	  1
1513	  3
1514	  3
1515	  2
1516	  2
1517	  0
1518	  1
1519	  5
1520	  1
1521	  3
1522	  3
1523	  2
1524	  0
1525	  5
1526	  0
1527	  6
1528	  3
1529	  5
1530	  2
1531	  4
1532	  2
1533	  3
1534	  1
1535	  5
1536	  2
1537	  2
1538	  5
1539	  5
1540	  5
1541	  5
1542	  6
1543	  6
1544	  2
1545	  3
1546	  2
1547	  5
1548	  0
1549	  3
1550	  4
1551	  3
1552	  0
1553	  0
1554	  5
1555	  0
1556	  2
1557	  5
1558	  0
1559	  3
1560	  2
1561	  0
1562	  3
1563	  1
1564	  5
1565	  5
1566	  2
1567	  2
1568	  4
1569	  3
1570	  6
1571	  4
1572	  4
1573	  4
1574	  6
1575	  3
1576	  4
1577	  4
1578	  0
1579	  2
1580	  2
1581	  5
1582	  3
1583	  2
1584	  1
1585	  4
1586	  5
1587	  4
1588	  5
1589	  0
1590	  6
1591	  2
1592	  6
1593	  0
1594	  2
1595	  3
1596	  2
1597	  3
1598	  3
1599	  3
1600	  4
1601	  0
1602	  4
1603	  6
1604	  2
1605	  1
1606	  0
1607	  6
1608	  5
1609	  2
1610	  2
1611	  1
1612	  3
1613	  3
1614	  5
1615	  0
1616	  0
1617	  5
1618	  1
1619	  5
1620	  0
1621	  0
1622	  2
1623	  2
1624	  3
1625	  1
1626	  4
1627	  3
1628	  3
1629	  6
1630	  0
1631	  3
1632	  2
1633	  5
1634	  1
1635	  3
1636	  4
1637	  0
1638	  5
1639	  2
1640	  1
1641	  4
1642	  2
1643	  6
1644	  0
1645	  5
1646	  0
1647	  6
1648	  3
1649	  2
1650	  4
1651	  1
1652	  2
1653	  1
1654	  0
1655	  0
1656	  5
1657	  4
1658	  2
1659	  3
1660	  4
1661	  3
1662	  2
1663	  2
1664	  4
1665	  6
1666	  2
1667	  0
1668	  0
1669	  2
1670	  3
1671	  0
1672	  3
1673	  0
1674	  2
1675	  1
1676	  6
1677	  2
1678	  3
1679	  3
1680	  5
1681	  0
1682	  5
1683	  3
1684	  3
1685	  5
1686	  3
1687	  0
1688	  1
1689	  2
1690	  5
1691	  0
1692	  0
1693	  3
1694	  5
1695	  2
1696	  3
1697	  2
1698	  1
1699	  0
1700	  0
1701	  5
1702	  1
1703	  3
1704	  2
1705	  4
1706	  4
1707	  1
1708	  5
1709	  5
1710	  4
1711	  1
1712	  4
1713	  0
1714	  2
1715	  0
1716	  6
1717	  3
1718	  4
1719	  6
1720	  0
1721	  2
1722	  6
1723	  6
1724	  6
1725	  5
1726	  5
1727	  3
1728	  3
1729	  2
1730	  3
1731	  0
1732	  4
1733	  6
1734	  5
1735	  3
1736	  4
1737	  2
1738	  2
1739	  1
1740	  3
1741	  2
1742	  1
1743	  5
1744	  2
1745	  5
1746	  5
1747	  2
1748	  4
1749	  5
1750	  0
1751	  2
1752	  3
1753	  5
1754	  0
1755	  3
1756	  2
1757	  6
1758	  2
1759	  3
1760	  0
1761	  5
1762	  2
1763	  1
1764	  0
1765	  0
1766	  2
1767	  1
1768	  3
1769	  1
1770	  2
1771	  3
1772	  0
1773	  5
1774	  4
1775	  2
1776	  4
1777	  3
1778	  0
1779	  4
1780	  3
1781	  4
1782	  0
1783	  1
1784	  0
1785	  2
1786	  5
1787	  5
1788	  6
1789	  4
1790	  0
1791	  3
1792	  1
1793	  1
1794	  2
1795	  0
1796	  5
1797	  3
1798	  2
1799	  3
1800	  0
1801	  2
1802	  6
1803	  3
1804	  2
1805	  0
1806	  2
1807	  0
1808	  6
1809	  2
1810	  0
1811	  6
1812	  3
1813	  4
1814	  0
1815	  6
1816	  2
1817	  3
1818	  1
1819	  2
1820	  5
1821	  3
1822	  3
1823	  1
1824	  6
1825	  2
1826	  5
1827	  4
1828	  2
1829	  3
1830	  3
1831	  3
1832	  2
1833	  3
1834	  4
1835	  4
1836	  2
1837	  0
1838	  5
1839	  0
1840	  0
1841	  0
1842	  0
1843	  3
1844	  3
1845	  4
1846	  2
1847	  2
1848	  0
1849	  1
1850	  6
1851	  0
1852	  2
1853	  6
1854	  5
1855	  1
1856	  1
1857	  2
1858	  2
1859	  2
1860	  3
1861	  0
1862	  2
1863	  5
1864	  5
1865	  0
1866	  5
1867	  2
1868	  0
1869	  4
1870	  2
1871	  5
1872	  3
1873	  2
1874	  0
1875	  0
1876	  4
1877	  3
1878	  3
1879	  0
1880	  0
1881	  5
1882	  0
1883	  2
1884	  3
1885	  4
1886	  6
1887	  5
1888	  4
1889	  4
1890	  0
1891	  3
1892	  3
1893	  6
1894	  0
1895	  3
1896	  4
1897	  3
1898	  0
1899	  3
1900	  2
1901	  3
1902	  0
1903	  5
1904	  6
1905	  2
1906	  0
1907	  4
1908	  4
1909	  3
1910	  5
1911	  0
1912	  2
1913	  0
1914	  0
1915	  3
1916	  3
1917	  2
1918	  2
1919	  0
1920	  2
1921	  5
1922	  0
1923	  4
1924	  5
1925	  1
1926	  5
1927	  3
1928	  0
1929	  0
1930	  0
1931	  1
1932	  5
1933	  0
1934	  4
1935	  6
1936	  5
1937	  5
1938	  0
1939	  6
1940	  5
1941	  2
1942	  3
1943	  0
1944	  3
1945	  2
1946	  6
1947	  1
1948	  4
1949	  3
1950	  4
1951	  4
1952	  3
1953	  1
1954	  2
1955	  2
1956	  5
1957	  0
1958	  0
1959	  1
1960	  5
1961	  0
1962	  2
1963	  5
1964	  6
1965	  2
1966	  5
1967	  0
1968	  0
1969	  2
1970	  1
1971	  5
1972	  4
1973	  0
1974	  3
1975	  3
1976	  3
1977	  6
1978	  3
1979	  0
1980	  0
1981	  0
1982	  0
1983	  6
1984	  5
1985	  4
1986	  2
1987	  5
1988	  2
1989	  5
1990	  2
1991	  6
1992	  1
1993	  0
1994	  5
1995	  2
1996	  4
1997	  4
1998	  5
1999	  6
2000	  5
2001	  0
2002	  1
2003	  4
2004	  0
2005	  6
2006	  2
2007	  0
2008	  5
2009	  4
2010	  5
2011	  3
2012	  5
2013	  3
2014	  6
2015	  1
2016	  0
2017	  1
2018	  3
2019	  2
2020	  0
2021	  0
2022	  1
2023	  6
2024	  5
2025	  0
2026	  4
2027	  1
2028	  3
2029	  3
2030	  1
2031	  4
2032	  2
2033	  0
2034	  2
2035	  2
2036	  2
2037	  2
2038	  6
2039	  0
2040	  0
2041	  3
2042	  2
2043	  1
2044	  5
2045	  0
2046	  3
2047	  2
2048	  6
2049	  6
2050	  3
2051	  5
2052	  0
2053	  3
2054	  5
2055	  3
2056	  3
2057	  3
2058	  1
2059	  4
2060	  0
2061	  4
2062	  5
2063	  5
2064	  6
2065	  3
2066	  2
2067	  3
2068	  0
2069	  5
2070	  2
2071	  1
2072	  4
2073	  2
2074	  5
2075	  3
2076	  5
2077	  2
2078	  4
2079	  3
2080	  0
2081	  2
2082	  2
2083	  3
2084	  5
2085	  6
2086	  0
2087	  0
2088	  3
2089	  6
2090	  5
2091	  6
2092	  3
2093	  3
2094	  5
2095	  2
2096	  3
2097	  5
2098	  3
2099	  5
2100	  2
2101	  1
2102	  6
2103	  5
2104	  6
2105	  2
2106	  2
2107	  2
2108	  6
2109	  1
2110	  5
2111	  5
2112	  4
2113	  0
2114	  4
2115	  2
2116	  0
2117	  3
2118	  3
2119	  5
2120	  1
2121	  0
2122	  2
2123	  0
2124	  0
2125	  3
2126	  5
2127	  2
2128	  0
2129	  2
2130	  5
2131	  2
2132	  3
2133	  5
2134	  5
2135	  3
2136	  2
2137	  1
2138	  2
2139	  2
2140	  5
2141	  2
2142	  1
2143	  5
2144	  6
2145	  4
2146	  2
2147	  4
2148	  1
2149	  6
2150	  3
2151	  6
2152	  1
2153	  2
2154	  0
2155	  6
2156	  0
2157	  3
2158	  6
2159	  3
2160	  0
2161	  4
2162	  3
2163	  4
2164	  3
2165	  3
2166	  4
2167	  6
2168	  5
2169	  2
2170	  2
2171	  0
2172	  2
2173	  5
2174	  2
2175	  2
2176	  0
2177	  2
2178	  5
2179	  6
2180	  2
2181	  0
2182	  2
2183	  0
2184	  2
2185	  6
2186	  3
2187	  4
2188	  2
2189	  2
2190	  3
2191	  3
2192	  2
2193	  0
2194	  6
2195	  2
2196	  2
2197	  3
2198	  5
2199	  4
2200	  3
2201	  0
2202	  5
2203	  3
2204	  1
2205	  2
2206	  2
2207	  2
2208	  1
2209	  1
2210	  0
2211	  6
2212	  3
2213	  2
2214	  1
2215	  4
2216	  5
2217	  2
2218	  1
2219	  2
2220	  4
2221	  1
2222	  2
2223	  3
2224	  3
2225	  2
2226	  4
2227	  2
2228	  5
2229	  2
2230	  2
2231	  3
2232	  2
2233	  0
2234	  2
2235	  5
2236	  0
2237	  3
2238	  2
2239	  2
2240	  2
2241	  5
2242	  6
2243	  1
2244	  0
2245	  3
2246	  5
2247	  2
2248	  0
2249	  5
2250	  4
2251	  1
2252	  3
2253	  2
2254	  3
2255	  5
2256	  5
2257	  1
2258	  2
2259	  2
2260	  0
2261	  0
2262	  0
2263	  0
2264	  3
2265	  6
2266	  3
2267	  3
2268	  3
2269	  0
2270	  0
2271	  5
2272	  0
2273	  3
2274	  6
2275	  1
2276	  4
2277	  2
2278	  0
2279	  0
2280	  4
2281	  0
2282	  6
2283	  2
2284	  2
2285	  2
2286	  5
2287	  4
2288	  2
2289	  1
2290	  6
2291	  2
2292	  5
2293	  2
2294	  5
2295	  0
2296	  5
2297	  3
2298	  5
2299	  6
2300	  4
2301	  5
2302	  1
2303	  1
2304	  2
2305	  1
2306	  3
2307	  5
2308	  0
2309	  0
2310	  5
2311	  5
2312	  0
2313	  2
2314	  3
2315	  4
2316	  4
2317	  5
2318	  4
2319	  0
2320	  6
2321	  1
2322	  2
2323	  3
2324	  0
2325	  0
2326	  5
2327	  5
2328	  2
2329	  0
2330	  0
2331	  1
2332	  3
2333	  3
2334	  3
2335	  0
2336	  3
2337	  2
2338	  5
2339	  0
2340	  2
2341	  4
2342	  4
2343	  0
2344	  6
2345	  0
2346	  1
2347	  3
2348	  5
2349	  0
2350	  4
2351	  1
2352	  0
2353	  3
2354	  2
2355	  3
2356	  5
2357	  0
2358	  3
2359	  0
2360	  4
2361	  4
2362	  0
2363	  0
2364	  2
2365	  1
2366	  0
2367	  6
2368	  2
2369	  2
2370	  0
2371	  0
2372	  5
2373	  4
2374	  3
2375	  4
2376	  3
2377	  6
2378	  0
2379	  2
2380	  5
2381	  6
2382	  1
2383	  3
2384	  3
2385	  2
2386	  3
2387	  4
2388	  0
2389	  1
2390	  0
2391	  6
2392	  1
2393	  3
2394	  6
2395	  6
2396	  3
2397	  0
2398	  0
2399	  3
2400	  4
2401	  0
2402	  1
2403	  3
2404	  4
2405	  0
2406	  1
2407	  2
2408	  0
2409	  6
2410	  1
2411	  0
2412	  3
2413	  3
2414	  4
2415	  4
2416	  3
2417	  2
2418	  6
2419	  3
2420	  3
2421	  5
2422	  6
2423	  5
2424	  5
2425	  3
2426	  5
2427	  5
2428	  2
2429	  1
2430	  5
2431	  2
2432	  5
2433	  2
2434	  6
2435	  5
2436	  3
2437	  0
2438	  2
2439	  5
2440	  3
2441	  1
2442	  0
2443	  5
2444	  3
2445	  5
2446	  3
2447	  4
2448	  2
2449	  0
2450	  4
2451	  1
2452	  1
2453	  5
2454	  1
2455	  0
2456	  3
2457	  4
2458	  1
2459	  5
2460	  0
2461	  4
2462	  5
2463	  1
2464	  2
2465	  2
2466	  3
2467	  0
2468	  3
2469	  3
2470	  5
2471	  3
2472	  0
2473	  0
2474	  2
2475	  4
2476	  3
2477	  2
2478	  4
2479	  2
2480	  1
2481	  0
2482	  2
2483	  0
2484	  5
2485	  5
2486	  5
2487	  6
2488	  1
2489	  4
2490	  0
2491	  2
2492	  0
2493	  2
2494	  2
2495	  1
2496	  3
2497	  0
2498	  4
2499	  0
2500	  0
2501	  4
2502	  3
2503	  0
2504	  0
2505	  2
2506	  5
2507	  4
2508	  0
2509	  5
2510	  2
2511	  5
2512	  0
2513	  5
2514	  1
2515	  3
2516	  4
2517	  3
2518	  4
2519	  6
2520	  0
2521	  2
2522	  0
2523	  0
2524	  1
2525	  0
2526	  5
2527	  4
2528	  2
2529	  2
2530	  2
2531	  6
2532	  4
2533	  6
2534	  4
2535	  3
2536	  1
2537	  4
2538	  0
2539	  5
2540	  1
2541	  4
2542	  6
2543	  4
2544	  5
2545	  0
2546	  4
2547	  5
2548	  4
2549	  2
2550	  0
2551	  2
2552	  2
2553	  0
2554	  2
2555	  0
2556	  3
2557	  2
2558	  3
2559	  1
2560	  2
2561	  0
2562	  0
2563	  2
2564	  0
2565	  0
2566	  5
2567	  2
2568	  6
2569	  2
2570	  4
2571	  6
2572	  1
2573	  0
2574	  0
2575	  2
2576	  3
2577	  3
2578	  2
2579	  5
2580	  5
2581	  0
2582	  0
2583	  2
2584	  3
2585	  5
2586	  2
2587	  3
2588	  3
2589	  3
2590	  6
2591	  5
2592	  2
2593	  4
2594	  1
2595	  4
2596	  2
2597	  5
2598	  0
2599	  4
2600	  2
2601	  5
2602	  5
2603	  0
2604	  0
2605	  5
2606	  0
2607	  1
2608	  1
2609	  0
2610	  0
2611	  2
2612	  3
2613	  6
2614	  2
2615	  3
2616	  2
2617	  5
2618	  1
2619	  2
2620	  3
2621	  2
2622	  3
2623	  0
2624	  1
2625	  5
2626	  1
2627	  2
2628	  4
2629	  4
2630	  4
2631	  2
2632	  0
2633	  3
2634	  5
2635	  2
2636	  3
2637	  3
2638	  5
2639	  6
2640	  1
2641	  1
2642	  6
2643	  4
2644	  3
2645	  3
2646	  0
2647	  1
2648	  5
2649	  0
2650	  2
2651	  3
2652	  0
2653	  0
2654	  1
2655	  4
2656	  0
2657	  0
2658	  4
2659	  0
2660	  0
2661	  0
2662	  5
2663	  0
2664	  2
2665	  3
2666	  3
2667	  4
2668	  4
2669	  1
2670	  5
2671	  0
2672	  5
2673	  1
2674	  5
2675	  3
2676	  5
2677	  5
2678	  5
2679	  5
2680	  0
2681	  3
2682	  2
2683	  4
2684	  2
2685	  6
2686	  6
2687	  3
2688	  5
2689	  5
2690	  5
2691	  5
2692	  2
2693	  4
2694	  2
2695	  3
2696	  0
2697	  0
2698	  6
2699	  4
2700	  2
2701	  0
2702	  3
2703	  3
2704	  3
2705	  5
2706	  3
2707	  5
2708	  3
2709	  0
2710	  3
2711	  0
2712	  5
2713	  0
2714	  4
2715	  3
2716	  2
2717	  3
2718	  1
2719	  1
2720	  5
2721	  5
2722	  1
2723	  0
2724	  2
2725	  4
2726	  2
2727	  5
2728	  6
2729	  2
2730	  2
2731	  6
2732	  3
2733	  6
2734	  5
2735	  2
2736	  5
2737	  2
2738	  2
2739	  5
2740	  1
2741	  5
2742	  6
2743	  6
2744	  4
2745	  0
2746	  6
2747	  5
2748	  0
2749	  1
2750	  0
2751	  2
2752	  2
2753	  0
2754	  4
2755	  1
2756	  1
2757	  2
2758	  2
2759	  0
2760	  0
2761	  1
2762	  6
2763	  0
2764	  2
2765	  2
2766	  2
2767	  5
2768	  4
2769	  2
2770	  6
2771	  5
2772	  4
2773	  3
2774	  4
2775	  0
2776	  4
2777	  2
2778	  3
2779	  3
2780	  3
2781	  3
2782	  0
2783	  1
2784	  2
2785	  6
2786	  2
2787	  2
2788	  3
2789	  3
2790	  3
2791	  3
2792	  3
2793	  2
2794	  1
2795	  6
2796	  2
2797	  1
2798	  3
2799	  3
2800	  3
2801	  3
2802	  0
2803	  3
2804	  3
2805	  1
2806	  3
2807	  2
2808	  5
2809	  6
2810	  0
2811	  2
2812	  5
2813	  1
2814	  2
2815	  3
2816	  1
2817	  6
2818	  0
2819	  0
2820	  5
2821	  1
2822	  1
2823	  6
2824	  2
2825	  0
2826	  0
2827	  2
2828	  3
2829	  5
2830	  0
2831	  0
2832	  2
2833	  2
2834	  0
2835	  0
2836	  2
2837	  6
2838	  3
2839	  2
2840	  2
2841	  0
2842	  1
2843	  2
2844	  2
2845	  6
2846	  0
2847	  2
2848	  2
2849	  4
2850	  0
2851	  0
2852	  5
2853	  0
2854	  3
2855	  0
2856	  1
2857	  1
2858	  3
2859	  3
2860	  5
2861	  0
2862	  5
2863	  6
2864	  6
2865	  2
2866	  2
2867	  0
2868	  2
2869	  2
2870	  0
2871	  0
2872	  0
2873	  3
2874	  3
2875	  3
2876	  6
2877	  5
2878	  1
2879	  1
2880	  3
2881	  4
2882	  6
2883	  2
2884	  4
2885	  3
2886	  5
2887	  5
2888	  4
2889	  3
2890	  4
2891	  5
2892	  5
2893	  2
2894	  2
2895	  2
2896	  2
2897	  3
2898	  5
2899	  0
2900	  5
2901	  1
2902	  2
2903	  3
2904	  0
2905	  6
2906	  6
2907	  6
2908	  6
2909	  2
2910	  5
2911	  5
2912	  4
2913	  5
2914	  2
2915	  2
2916	  1
2917	  0
2918	  2
2919	  6
2920	  3
2921	  3
2922	  2
2923	  2
2924	  0
2925	  0
2926	  3
2927	  2
2928	  6
2929	  6
2930	  2
2931	  2
2932	  5
2933	  5
2934	  2
2935	  4
2936	  0
2937	  4
2938	  0
2939	  0
2940	  3
2941	  3
2942	  3
2943	  2
2944	  1
2945	  6
2946	  2
2947	  0
2948	  1
2949	  1
2950	  2
2951	  6
2952	  0
2953	  3
2954	  0
2955	  4
2956	  1
2957	  3
2958	  2
2959	  2
2960	  4
2961	  0
2962	  0
2963	  0
2964	  6
2965	  0
2966	  0
2967	  1
2968	  4
2969	  1
2970	  3
2971	  0
2972	  3
2973	  1
2974	  0
2975	  2
2976	  5
2977	  2
2978	  5
2979	  2
2980	  3
2981	  2
2982	  1
2983	  1
2984	  0
2985	  3
2986	  2
2987	  3
2988	  0
2989	  1
2990	  3
2991	  6
2992	  0
2993	  3
2994	  5
2995	  4
2996	  5
2997	  2
2998	  4
2999	  2
3000	  0
3001	  0
3002	  1
3003	  5
3004	  5
3005	  5
3006	  0
3007	  0
3008	  2
3009	  1
3010	  1
3011	  5
3012	  2
3013	  3
3014	  5
3015	  2
3016	  2
3017	  6
3018	  2
3019	  2
3020	  5
3021	  2
3022	  3
3023	  0
3024	  3
3025	  0
3026	  3
3027	  3
3028	  3
3029	  0
3030	  3
3031	  5
3032	  3
3033	  3
3034	  6
3035	  4
3036	  2
3037	  5
3038	  0
3039	  4
3040	  5
3041	  3
3042	  0
3043	  0
3044	  0
3045	  4
3046	  0
3047	  0
3048	  4
3049	  6
3050	  0
3051	  2
3052	  5
3053	  0
3054	  4
3055	  5
3056	  6
3057	  4
3058	  2
3059	  0
3060	  0
3061	  0
3062	  4
3063	  0
3064	  0
3065	  2
3066	  0
3067	  3
3068	  5
3069	  2
3070	  5
3071	  2
3072	  1
3073	  5
3074	  2
3075	  0
3076	  2
3077	  3
3078	  1
3079	  0
3080	  3
3081	  3
3082	  0
3083	  2
3084	  2
3085	  2
3086	  2
3087	  3
3088	  5
3089	  2
3090	  2
3091	  3
3092	  2
3093	  0
3094	  0
3095	  2
3096	  6
3097	  6
3098	  3
3099	  1
3100	  4
3101	  0
3102	  0
3103	  5
3104	  5
3105	  4
3106	  3
3107	  2
3108	  0
3109	  6
3110	  2
3111	  0
3112	  2
3113	  0
3114	  0
3115	  5
3116	  0
3117	  0
3118	  2
3119	  0
3120	  5
3121	  0
3122	  0
3123	  3
3124	  0
3125	  6
3126	  2
3127	  3
3128	  5
3129	  2
3130	  5
3131	  0
3132	  0
3133	  4
3134	  0
3135	  5
3136	  6
3137	  5
3138	  5
3139	  5
3140	  0
3141	  5
3142	  3
3143	  2
3144	  0
3145	  5
3146	  1
3147	  2
3148	  2
3149	  0
3150	  0
3151	  4
3152	  3
3153	  5
3154	  1
3155	  2
3156	  1
3157	  4
3158	  1
3159	  2
3160	  6
3161	  5
3162	  5
3163	  0
3164	  3
3165	  2
3166	  3
3167	  2
3168	  2
3169	  3
3170	  2
3171	  0
3172	  2
3173	  5
3174	  3
3175	  0
3176	  2
3177	  2
3178	  0
3179	  5
3180	  5
3181	  5
3182	  4
3183	  2
3184	  5
3185	  1
3186	  2
3187	  2
3188	  0
3189	  2
3190	  4
3191	  5
3192	  0
3193	  2
3194	  0
3195	  4
3196	  2
3197	  3
3198	  4
3199	  4
3200	  0
3201	  4
3202	  1
3203	  5
3204	  2
3205	  2
3206	  2
3207	  2
3208	  2
3209	  4
3210	  2
3211	  3
3212	  3
3213	  5
3214	  0
3215	  0
3216	  0
3217	  2
3218	  5
3219	  5
3220	  4
3221	  2
3222	  0
3223	  6
3224	  0
3225	  3
3226	  5
3227	  5
3228	  6
3229	  6
3230	  2
3231	  3
3232	  3
3233	  5
3234	  4
3235	  3
3236	  3
3237	  2
3238	  3
3239	  6
3240	  2
3241	  0
3242	  5
3243	  2
3244	  3
3245	  3
3246	  2
3247	  3
3248	  6
3249	  3
3250	  4
3251	  3
3252	  1
3253	  0
3254	  5
3255	  1
3256	  2
3257	  3
3258	  3
3259	  5
3260	  0
3261	  5
3262	  0
3263	  5
3264	  3
3265	  1
3266	  0
3267	  1
3268	  3
3269	  5
3270	  3
3271	  2
3272	  0
3273	  2
3274	  5
3275	  5
3276	  5
3277	  4
3278	  3
3279	  3
3280	  3
3281	  3
3282	  0
3283	  6
3284	  0
3285	  0
3286	  2
3287	  6
3288	  0
3289	  3
3290	  1
3291	  2
3292	  0
3293	  4
3294	  2
3295	  0
3296	  6
3297	  3
3298	  3
3299	  5
3300	  4
3301	  0
3302	  0
3303	  3
3304	  1
3305	  6
3306	  1
3307	  5
3308	  0
3309	  0
3310	  0
3311	  0
3312	  2
3313	  4
3314	  4
3315	  2
3316	  1
3317	  6
3318	  0
3319	  2
3320	  4
3321	  6
3322	  2
3323	  3
3324	  0
3325	  0
3326	  2
3327	  3
3328	  6
3329	  0
3330	  4
3331	  4
3332	  2
3333	  3
3334	  5
3335	  0
3336	  5
3337	  2
3338	  0
3339	  4
3340	  6
3341	  4
3342	  0
3343	  5
3344	  0
3345	  4
3346	  0
3347	  2
3348	  3
3349	  5
3350	  4
3351	  3
3352	  3
3353	  6
3354	  0
3355	  3
3356	  0
3357	  1
3358	  3
3359	  4
3360	  2
3361	  0
3362	  3
3363	  2
3364	  2
3365	  5
3366	  5
3367	  4
3368	  2
3369	  5
3370	  2
3371	  0
3372	  4
3373	  3
3374	  2
3375	  4
3376	  3
3377	  3
3378	  2
3379	  5
3380	  5
3381	  0
3382	  4
3383	  0
3384	  2
3385	  6
3386	  0
3387	  0
3388	  2
3389	  5
3390	  4
3391	  0
3392	  6
3393	  2
3394	  3
3395	  4
3396	  4
3397	  5
3398	  0
3399	  0
3400	  0
3401	  4
3402	  5
3403	  2
3404	  5
3405	  5
3406	  5
3407	  5
3408	  2
3409	  0
3410	  6
3411	  5
3412	  0
3413	  3
3414	  3
3415	  4
3416	  2
3417	  0
3418	  4
3419	  0
3420	  3
3421	  1
3422	  2
3423	  0
3424	  0
3425	  3
3426	  3
3427	  3
3428	  0
3429	  0
3430	  2
3431	  2
3432	  6
3433	  5
3434	  5
3435	  2
3436	  2
3437	  2
3438	  2
3439	  5
3440	  2
3441	  3
3442	  5
3443	  2
3444	  2
3445	  0
3446	  4
3447	  6
3448	  2
3449	  2
3450	  5
3451	  0
3452	  4
3453	  0
3454	  2
3455	  0
3456	  5
3457	  2
3458	  2
3459	  2
3460	  0
3461	  2
3462	  2
3463	  3
3464	  4
3465	  2
3466	  4
3467	  0
3468	  2
3469	  0
3470	  3
3471	  3
3472	  4
3473	  3
3474	  1
3475	  2
3476	  0
3477	  0
3478	  4
3479	  5
3480	  2
3481	  2
3482	  2
3483	  1
3484	  2
3485	  0
3486	  2
3487	  5
3488	  4
3489	  0
3490	  0
3491	  0
3492	  4
3493	  4
3494	  0
3495	  1
3496	  2
3497	  3
3498	  0
3499	  3
3500	  0
3501	  0
3502	  4
3503	  2
3504	  3
3505	  2
3506	  0
3507	  2
3508	  2
3509	  0
3510	  5
3511	  3
3512	  3
3513	  3
3514	  4
3515	  0
3516	  2
3517	  0
3518	  6
3519	  4
3520	  2
3521	  2
3522	  1
3523	  1
3524	  4
3525	  5
3526	  5
3527	  5
3528	  4
3529	  3
3530	  2
3531	  3
3532	  1
3533	  5
3534	  0
3535	  2
3536	  0
3537	  0
3538	  4
3539	  4
3540	  3
3541	  0
3542	  0
3543	  3
3544	  6
3545	  1
3546	  2
3547	  4
3548	  6
3549	  2
3550	  5
3551	  0
3552	  1
3553	  3
3554	  2
3555	  2
3556	  5
3557	  0
3558	  6
3559	  5
3560	  2
3561	  1
3562	  2
3563	  3
3564	  6
3565	  6
3566	  0
3567	  3
3568	  2
3569	  0
3570	  5
3571	  5
3572	  2
3573	  2
3574	  4
3575	  4
3576	  1
3577	  5
3578	  1
3579	  0
3580	  2
3581	  5
3582	  5
3583	  5
3584	  2
3585	  3
3586	  6
3587	  0
3588	  3
3589	  2
3590	  2
3591	  3
3592	  0
3593	  0
3594	  1
3595	  5
3596	  2
3597	  3
3598	  2
3599	  2
3600	  3
3601	  5
3602	  5
3603	  0
3604	  6
3605	  2
3606	  1
3607	  2
3608	  3
3609	  3
3610	  0
3611	  3
3612	  5
3613	  6
3614	  3
3615	  6
3616	  0
3617	  5
3618	  6
3619	  5
3620	  4
3621	  1
3622	  4
3623	  2
3624	  1
3625	  2
3626	  4
3627	  5
3628	  0
3629	  2
3630	  3
3631	  5
3632	  2
3633	  1
3634	  3
3635	  5
3636	  0
3637	  4
3638	  1
3639	  5
3640	  2
3641	  5
3642	  2
3643	  5
3644	  2
3645	  3
3646	  0
3647	  5
3648	  0
3649	  1
3650	  1
3651	  3
3652	  0
3653	  3
3654	  2
3655	  0
3656	  4
3657	  2
3658	  3
3659	  0
3660	  2
3661	  1
3662	  2
3663	  3
3664	  3
3665	  2
3666	  0
3667	  0
3668	  1
3669	  6
3670	  3
3671	  4
3672	  4
